3 1 4 6 0 2 6 4 3 1 0 0 0 0 0 1 0 0 4 0 1 4 4 4
0 0 0 0 0 0 0 0 0 0 0 0 0 0 0 1 0 0 1 0 1 0 0 0
0 1 0 1 1 0 0 0 1 0 0 0 0 0 3 0 0 0 0 1 2 1 0 0
0 0 0 2 0 0 0 1 0 0 0 0 0 0 0 0 0 0 1 0 1 0 0 3
0 0 0 0 0 0 0 0 0 0 0 0 0 0 0 0 0 0 0 0 0 0 0 0
0 0 0 0 0 0 0 0 0 0 0 0 0 0 0 0 0 0 0 0 0 0 0 0
0 0 0 0 0 0 0 0 0 0 0 0 0 0 0 0 0 0 0 0 0 0 1 0
0 0 0 0 0 0 0 0 0 0 0 0 0 0 0 0 0 0 0 0 0 0 0 0
0 0 0 0 0 0 0 0 0 0 0 0 0 0 0 0 0 0 0 0 0 1 0 0
0 0 0 0 0 0 0 0 0 0 0 0 0 0 0 0 0 0 0 0 0 0 0 0
2 1 2 2 0 0 1 0 0 0 1 0 0 0 0 0 2 0 0 0 0 1 3 2
4 2 2 3 3 2 0 4 5 1 0 1 1 1 0 0 1 0 0 1 1 0 2 3
0 0 0 0 0 2 0 0 0 0 0 0 0 0 0 0 0 1 0 0 0 1 1 0
0 0 0 0 0 0 0 0 0 0 0 0 0 0 0 0 0 0 0 0 0 0 0 0
0 0 0 5 0 0 0 0 0 0 0 1 2 0 1 0 1 1 1 0 0 1 2 1
7 1 2 4 1 2 1 0 1 0 0 2 0 0 2 3 3 4 3 4 2 4 5 7
0 1 1 2 0 0 0 0 0 0 0 1 0 0 0 0 0 0 1 0 1 0 2 0
0 0 0 0 1 0 0 0 0 0 0 0 0 0 0 0 0 0 0 0 0 0 1 0
0 0 0 0 0 1 0 0 0 0 0 0 0 0 1 1 0 0 1 1 1 1 1 4
1 2 1 2 0 2 0 0 0 1 0 0 0 0 1 0 0 0 0 1 0 0 2 0
0 0 1 0 0 0 0 0 0 0 0 0 0 0 0 1 0 1 0 0 0 0 0 0
0 0 0 0 0 0 0 0 0 0 0 0 0 0 0 0 0 0 0 0 0 0 0 0
1 0 0 0 0 0 1 0 0 0 0 0 0 0 1 0 0 1 0 0 0 0 0 0
0 0 1 0 0 0 0 0 0 0 0 0 0 0 1 0 0 0 0 0 0 1 1 0
0 2 1 3 1 0 1 0 1 0 1 2 1 0 0 1 0 3 0 0 1 0 0 1
0 0 0 1 0 0 0 0 0 0 0 0 1 0 0 0 0 0 0 1 0 0 0 0
0 0 1 1 0 0 0 0 0 0 0 0 0 0 0 0 0 0 0 0 0 0 1 0
1 0 2 1 0 0 0 0 2 1 0 0 0 0 1 1 0 0 0 0 0 1 1 1
0 0 0 0 0 0 0 0 0 0 0 0 0 0 0 0 0 0 0 0 1 0 0 0
0 0 0 1 1 0 0 0 0 0 0 2 1 0 0 0 1 0 0 2 1 1 1 0
0 0 1 4 1 2 0 0 0 1 0 0 1 0 0 0 0 0 0 2 0 1 2 1
0 0 0 0 0 0 0 0 0 0 0 0 0 0 0 0 0 0 0 0 0 0 0 0
0 0 0 0 0 0 0 0 0 0 0 0 0 0 0 0 0 0 0 0 0 0 0 0
0 0 0 0 0 0 1 0 0 0 0 0 0 0 0 0 0 0 0 0 0 0 0 0
38 18 23 12 35 16 6 12 10 2 0 1 2 0 2 4 4 9 6 8 1 12 7 7
4 4 2 7 2 5 0 1 1 2 1 1 1 0 0 2 3 3 4 2 3 6 1 0
0 0 0 0 0 1 0 0 0 0 0 0 0 0 0 0 0 0 0 0 0 1 1 0
4 3 1 1 2 1 1 1 1 0 0 1 0 0 1 0 3 1 1 1 0 1 1 1
0 0 0 0 0 0 0 0 0 0 0 0 0 0 0 0 0 0 0 0 0 0 0 0
4 0 1 3 3 1 1 0 0 0 0 0 1 1 3 0 2 1 1 0 4 3 3 4
1 0 1 0 1 0 4 4 0 0 0 0 0 0 0 1 0 0 0 1 1 2 0 4
0 6 3 0 0 1 1 0 2 1 0 2 2 0 0 1 2 3 3 1 1 2 2 1
0 0 0 0 1 4 0 1 0 1 0 0 0 0 0 0 0 1 1 0 2 1 2 0
2 2 7 2 1 2 1 0 5 1 0 0 2 0 0 2 3 4 2 0 3 1 3 5
2 5 7 3 2 3 0 0 2 0 1 1 2 0 0 1 2 4 0 4 0 0 1 1
0 0 0 0 0 0 0 0 0 0 0 0 0 0 0 0 0 0 0 0 0 1 0 0
3 0 1 1 1 2 0 2 0 0 0 0 1 0 0 1 1 5 1 0 2 2 1 0
0 0 3 1 0 2 1 0 0 2 0 0 1 0 0 0 0 1 0 1 0 1 0 1
4 5 6 0 4 2 3 0 0 0 1 0 2 5 1 2 3 3 4 4 3 1 2 1
2 2 0 0 0 0 0 0 0 0 0 0 0 0 1 0 2 1 1 0 0 0 1 0
0 0 1 2 0 0 0 0 0 1 0 0 0 0 0 0 0 0 1 0 0 0 0 1
0 1 0 0 0 2 0 1 0 0 1 0 0 1 2 0 0 0 1 1 1 0 1 0
1 3 2 0 1 0 0 0 0 1 0 0 1 1 3 1 0 1 1 1 2 2 2 6
6 8 6 3 1 2 0 1 0 2 0 0 0 1 1 2 1 7 1 3 2 7 7 5
1 2 2 1 1 0 0 0 0 0 0 0 0 0 0 2 2 2 1 4 5 0 2 0
0 1 0 1 0 1 0 1 0 0 0 0 1 0 1 0 0 0 0 1 1 0 0 2
3 2 1 2 1 1 0 1 0 0 0 0 0 1 2 2 2 0 1 0 1 2 2 4
0 2 0 1 1 0 0 0 0 0 0 0 1 0 1 0 0 0 2 0 1 1 0 0
1 3 0 1 0 0 0 0 0 0 0 0 1 1 0 0 1 1 3 0 0 2 1 3
0 0 1 1 0 1 0 0 0 0 0 0 1 0 0 0 4 0 0 0 0 0 1 0
7 5 26 4 18 8 29 15 0 14 16 3 0 1 3 4 9 11 24 5 4 7 3 11
3 2 9 1 2 0 2 1 0 1 1 0 0 0 2 1 0 2 4 0 2 2 0 1
0 0 2 0 0 0 0 0 0 0 0 0 0 0 0 0 0 1 0 1 0 0 0 0
1 6 8 4 5 2 10 6 1 4 4 2 1 3 3 3 5 2 11 5 6 4 3 11
6 4 2 1 4 0 3 0 1 1 1 1 1 1 0 0 0 1 5 4 3 5 1 0
1 2 3 2 1 1 1 0 0 0 0 0 1 0 0 0 0 1 0 0 1 0 1 1
1 0 5 0 0 2 2 0 1 0 2 1 0 1 1 0 0 0 0 0 0 1 0 0
1 0 0 0 1 0 1 0 0 0 1 0 0 1 0 2 1 1 0 1 0 0 2 1
1 0 2 1 0 0 0 0 0 0 0 1 0 0 0 0 1 0 1 0 2 1 0 0
3 0 0 1 1 2 1 0 0 1 1 0 1 0 1 3 5 2 1 1 3 0 2 2
1 0 0 0 0 0 0 0 0 0 0 1 0 0 0 0 0 0 0 0 0 0 0 0
3 0 1 0 0 0 1 0 0 0 0 0 0 0 0 0 1 1 0 0 1 0 0 0
2 7 11 3 3 4 3 1 2 0 3 2 0 1 4 0 1 1 0 4 2 2 3 2
1 0 0 0 0 0 0 0 0 0 0 0 0 0 0 0 0 0 0 0 0 0 0 0
1 1 0 1 0 2 1 0 0 1 0 0 1 0 0 2 3 2 1 0 2 0 1 2
2 9 4 2 0 0 1 1 0 0 0 0 0 3 4 1 2 3 1 1 3 1 1 1
1 1 1 0 0 1 1 1 0 0 1 0 2 0 0 0 0 2 0 0 1 0 1 2
0 1 0 1 0 0 0 0 0 0 0 0 0 0 0 0 0 1 0 0 1 0 0 1
3 5 5 2 1 1 2 1 0 0 0 2 1 1 5 1 1 4 1 0 7 1 2 3
3 1 2 1 2 0 0 0 0 1 0 0 0 0 1 0 1 1 3 1 3 3 1 3
4 4 1 2 2 3 1 0 1 0 0 0 2 2 0 2 7 3 3 7 4 5 2 3
1 0 0 0 1 0 0 0 0 0 0 0 0 0 0 0 0 1 0 0 0 1 0 1
3 1 0 3 3 1 0 2 1 0 1 0 0 0 1 0 6 1 3 3 0 3 1 4
0 0 0 0 0 0 0 0 1 0 0 0 0 0 0 0 0 0 0 0 0 0 0 0
0 1 0 0 0 0 0 0 0 0 0 0 0 0 0 0 0 2 1 0 0 0 1 0
0 0 0 0 0 0 0 0 1 0 0 0 0 0 0 0 0 0 0 0 0 0 0 0
2 1 1 0 0 1 0 0 0 0 0 0 0 0 0 0 1 0 1 0 1 0 1 0
0 0 0 0 0 0 0 0 0 0 0 0 0 0 0 0 0 0 0 0 0 0 0 0
19 17 14 7 11 5 5 12 7 4 4 5 2 6 14 11 11 7 6 4 17 48 15 24
14 5 12 8 9 7 3 4 3 1 4 1 1 7 4 6 6 11 2 5 3 8 10 7
0 0 0 0 0 0 0 0 0 0 0 0 0 0 0 0 0 0 0 0 0 0 0 0
0 0 0 0 0 0 0 0 0 0 0 0 0 0 0 0 0 0 0 0 0 0 0 0
22 10 9 5 1 1 1 0 1 1 0 0 1 1 1 5 3 3 10 3 8 3 13 19
3 0 4 3 0 1 0 0 0 0 0 0 0 1 1 1 2 0 2 2 2 1 1 1
2 2 1 0 3 0 1 0 0 0 1 0 0 1 3 2 1 1 1 1 2 2 0 3
0 2 0 0 1 0 0 0 0 0 1 0 0 0 2 0 1 0 1 1 2 2 1 2
5 8 12 4 10 4 2 5 1 0 1 1 1 0 2 3 4 2 6 6 5 5 4 10
7 9 17 6 10 3 3 9 5 2 1 0 2 2 4 4 5 5 8 11 6 10 9 19
0 0 1 0 0 1 1 0 0 0 0 0 0 1 0 0 1 0 0 0 0 0 0 0
5 1 0 0 0 1 0 1 0 0 0 0 1 2 0 0 0 0 0 1 2 1 1 0
4 3 11 4 7 4 1 6 6 5 0 1 2 5 2 2 1 8 3 2 6 4 5 3
0 5 2 1 1 0 0 0 0 0 0 0 0 0 0 1 0 1 0 1 0 0 0 0
18 27 13 12 18 16 12 10 5 6 4 7 5 8 12 15 11 21 20 31 18 19 22 20
1 4 3 1 1 1 2 1 0 0 1 1 0 2 5 1 0 0 0 1 1 0 7 2
3 1 0 0 1 1 1 1 0 1 1 1 0 1 0 3 5 3 4 3 2 5 5 8
3 2 1 0 0 4 0 2 0 0 0 0 1 1 3 1 3 1 2 3 0 2 1 0
0 0 1 0 1 0 0 0 0 0 0 0 0 0 1 0 1 0 0 1 0 0 0 2
3 2 0 1 3 5 2 1 1 0 1 0 1 0 3 3 0 2 2 2 1 3 1 1
187 194 172 152 124 96 97 69 41 36 33 33 45 133 115 83 159 243 171 143 184 179 158 160
9 6 7 9 3 5 2 3 0 1 0 3 0 1 14 2 4 2 6 4 7 12 6 9
105 115 117 85 88 49 94 65 45 35 24 21 30 47 47 47 67 69 86 68 107 84 87 109
6 6 6 7 7 10 5 3 0 2 3 1 2 0 3 0 1 0 0 0 2 7 7 6
69 89 71 60 123 32 64 56 31 34 25 27 23 19 29 37 63 54 64 49 53 57 52 64
1 3 8 11 4 1 1 2 0 1 0 0 1 1 11 2 0 2 3 3 1 2 1 3
34 26 44 27 24 9 10 16 25 21 12 5 5 12 19 13 18 20 8 32 73 82 63 57
33 17 16 26 29 12 8 5 21 8 2 6 16 22 27 20 14 31 25 22 36 48 34 21
185 186 185 185 190 110 110 134 122 106 98 80 102 84 97 92 82 120 90 119 116 134 143 141
5 3 6 2 1 3 3 1 2 0 2 1 1 3 4 0 3 2 5 5 5 6 1 1
61 36 49 39 34 20 21 38 31 66 20 11 24 16 18 19 17 27 35 38 21 53 48 44
19 11 15 16 16 13 16 10 4 3 1 7 7 10 7 5 14 7 16 12 15 17 10 17
22 35 30 32 15 23 25 25 14 8 14 6 12 15 20 26 18 29 31 36 24 36 37 24
37 48 40 19 26 20 25 21 19 16 16 7 6 18 27 25 33 30 21 42 30 40 28 34
110 124 122 90 95 75 83 98 73 60 40 19 31 38 57 66 71 89 73 93 108 111 92 82
24 21 23 23 25 11 12 14 19 5 6 3 9 19 29 15 17 38 26 22 21 41 42 25
2 0 5 2 2 2 1 0 0 0 1 0 0 2 2 1 3 3 4 1 6 2 4 4
84 82 64 72 48 28 22 16 30 33 29 20 22 27 25 34 37 60 37 30 35 34 44 72
24 13 12 27 27 11 5 4 6 11 3 10 6 19 19 25 30 36 26 17 32 18 20 17
5 6 8 13 3 5 6 9 2 3 2 4 3 7 2 5 5 8 11 5 13 9 7 4
34 34 27 25 26 16 17 22 18 17 7 1 15 24 15 13 16 21 21 19 25 61 51 32
21 18 23 16 28 12 14 15 14 4 7 3 5 22 14 10 18 20 24 12 25 34 36 24
131 142 147 119 102 70 71 79 74 83 57 27 34 46 53 56 95 118 113 88 113 107 87 99
14 16 15 11 9 8 10 13 4 5 4 1 4 7 7 9 9 9 10 11 7 8 16 22
74 83 70 71 49 29 31 30 32 27 17 16 16 22 39 30 43 53 48 26 40 47 55 53
102 138 125 88 75 70 75 69 57 66 72 34 34 45 54 61 55 56 57 68 53 58 77 92
110 111 91 82 64 36 55 67 49 41 26 18 21 50 35 45 52 80 67 82 75 88 73 84
2 12 4 1 11 1 8 3 0 0 0 1 1 2 0 0 4 1 0 1 2 0 1 3
0 0 4 2 0 1 0 2 0 0 4 1 1 0 0 4 0 1 1 2 7 4 0 1
29 21 27 29 28 31 22 20 11 10 7 11 10 29 21 21 18 11 28 16 22 32 30 28
31 27 34 30 27 25 23 15 20 39 9 5 3 14 14 22 25 21 29 39 55 78 41 45
85 89 73 84 57 42 36 42 28 34 27 15 11 22 26 35 44 55 53 43 37 51 41 57
11 32 13 15 17 10 8 13 12 4 5 5 9 4 12 19 7 9 9 19 31 13 8 15
22 26 12 17 11 6 8 5 5 2 3 1 2 15 14 9 17 17 21 19 9 14 20 23
156 193 138 182 125 77 95 93 81 97 115 58 55 44 70 79 68 79 85 85 85 88 114 140
3 2 3 2 0 0 0 3 3 1 2 4 2 1 1 2 3 1 0 1 2 2 0 0
133 155 193 149 121 129 109 114 45 54 71 42 41 55 70 68 95 121 124 108 125 156 154 154
112 92 104 81 82 47 43 55 67 35 26 24 27 52 49 56 55 75 81 89 93 123 98 101
0 2 1 0 1 0 0 0 0 0 0 1 0 0 0 0 2 0 2 1 1 0 2 0
409 498 417 447 355 306 320 295 240 227 203 128 131 152 225 217 272 330 388 321 408 417 424 429
7 5 5 9 3 3 0 1 1 1 1 4 2 2 13 0 1 6 1 6 4 6 2 5
13 7 8 4 4 9 4 1 0 4 1 3 5 2 7 4 7 9 10 5 5 8 4 3
70 71 72 42 38 22 22 29 44 23 30 16 17 28 26 25 23 27 39 33 47 46 44 55
0 0 0 0 1 0 0 0 1 1 1 0 0 0 0 0 0 0 0 0 0 0 0 0
31 38 26 33 27 12 15 22 22 14 13 10 8 10 7 19 12 19 15 18 57 23 16 29
96 116 86 83 81 72 58 45 38 55 28 10 18 18 27 43 52 42 72 59 59 71 58 88
2 1 3 2 5 2 1 2 1 2 2 1 4 2 0 1 0 1 0 0 2 2 1 2
55 69 74 60 75 48 44 65 46 40 29 31 25 34 31 38 42 49 48 42 62 112 69 59
3 0 3 2 1 2 3 0 0 0 2 2 1 2 0 1 3 6 0 5 6 2 7 12
3 2 2 3 3 0 1 4 0 0 1 5 0 0 2 3 2 6 4 1 4 2 1 4
8 5 5 4 2 3 1 3 3 4 0 2 2 3 5 1 3 3 1 5 2 3 5 5
14 11 19 15 8 5 7 1 5 5 4 5 3 10 7 7 5 6 6 9 9 6 11 8
88 84 91 67 69 58 95 68 48 32 23 13 34 34 38 56 47 80 87 78 79 99 82 88
12 20 21 17 19 12 5 5 2 8 3 3 4 6 5 7 9 11 12 10 15 11 16 15
48 49 37 36 18 15 18 11 15 25 7 3 9 19 16 11 10 24 15 23 15 23 22 34
4 1 6 5 1 1 3 1 1 3 1 2 0 2 1 1 2 1 1 1 0 1 1 5
179 192 182 148 125 96 107 95 99 143 44 44 32 51 68 74 95 118 133 139 124 124 134 127
3 3 6 3 0 1 1 0 0 0 1 1 0 0 2 2 12 0 1 0 2 2 1 5
56 71 66 50 58 39 41 32 28 16 24 12 9 24 18 19 31 31 36 41 57 38 73 52
236 249 231 184 168 170 181 165 117 89 76 62 63 90 81 82 84 110 134 135 188 212 230 224
8 2 7 3 3 2 2 4 0 0 1 1 0 2 3 6 3 5 0 4 2 3 4 8
169 180 161 132 81 72 56 77 73 58 64 30 30 52 54 50 54 67 74 73 84 112 110 97
4 1 6 3 0 4 2 6 2 3 1 2 0 0 0 0 2 0 4 2 0 3 1 2
147 154 115 106 127 175 159 114 92 57 73 68 43 59 45 42 96 78 88 113 131 152 150 130
349 330 360 281 232 178 224 174 181 117 75 44 108 133 134 144 195 249 277 243 221 253 280 298
25 30 25 20 23 7 16 17 8 13 10 6 6 3 4 7 8 9 15 13 15 8 17 22
4 0 1 2 0 1 0 1 1 0 0 0 1 0 0 1 1 0 1 1 2 1 2 0
97 96 74 81 52 43 51 51 45 36 40 23 30 27 33 37 49 78 74 43 61 59 68 79
32 34 36 32 20 17 20 14 16 11 9 4 8 8 14 18 25 24 26 17 23 20 24 26
107 116 112 76 137 93 69 59 52 34 32 14 37 49 46 51 46 75 73 70 110 155 95 106
0 2 2 1 0 0 2 0 0 0 0 0 1 1 1 2 2 2 1 1 1 1 2 1
6 4 2 1 2 2 1 4 0 2 0 4 1 1 2 2 5 3 7 1 1 3 2 12
158 179 179 156 124 95 90 111 100 87 86 51 54 38 72 44 60 108 89 58 57 66 116 95
8 6 9 5 2 3 1 3 3 4 0 5 3 4 5 2 2 7 2 4 5 2 5 8
24 38 15 14 23 10 21 17 11 7 8 3 6 6 10 15 13 10 16 18 21 20 24 18
9 5 6 6 2 2 6 7 2 7 6 0 3 2 1 1 3 3 4 5 13 9 7 4
1 0 0 1 0 0 0 0 0 0 0 0 0 0 0 0 0 0 0 1 0 0 0 1
34 44 39 30 39 25 18 20 13 10 14 10 16 12 12 17 23 27 22 21 39 36 33 50
61 65 75 62 63 54 44 59 61 53 52 37 27 31 37 44 40 47 40 43 39 55 43 50
5 5 4 4 6 3 2 0 0 0 1 1 2 4 6 3 0 5 1 4 4 5 3 3
5 2 2 2 0 3 2 0 0 0 0 0 0 0 1 0 1 0 1 3 0 2 0 2
125 156 175 132 89 147 95 89 53 52 35 35 28 36 60 61 83 114 121 96 120 144 150 118
21 23 16 20 23 11 19 13 12 18 25 2 7 10 9 5 20 10 14 15 12 10 10 20
59 59 50 47 32 13 26 25 21 12 13 17 16 22 16 24 20 22 31 38 38 29 41 55
113 89 87 58 90 46 51 47 43 25 24 13 22 40 38 43 58 75 84 70 73 98 77 69
255 254 215 184 174 164 193 183 141 155 111 69 123 63 95 49 84 142 130 160 135 112 184 172
48 57 45 57 50 35 29 29 31 31 14 15 11 15 24 33 39 28 29 38 70 52 38 42
5 7 0 1 4 2 3 7 0 3 2 0 0 3 2 1 1 1 3 2 0 0 1 3
254 289 277 300 188 170 161 148 157 145 156 66 71 82 93 117 126 167 193 153 188 201 178 228
0 0 0 0 0 0 0 0 0 0 0 0 0 0 0 0 0 0 1 1 1 0 0 0
1 5 2 6 2 0 1 2 0 0 0 0 0 2 3 2 0 0 5 1 3 2 2 3
204 229 227 229 165 119 168 182 153 117 104 65 56 52 80 94 121 130 134 104 128 117 156 163
178 178 158 123 145 122 111 125 108 87 46 32 51 76 75 88 93 99 116 110 154 107 122 142
75 74 77 74 55 41 43 50 47 38 29 17 14 21 25 23 37 43 59 51 42 46 56 51
5 8 4 3 4 4 4 4 1 0 0 0 1 2 2 3 2 2 2 3 2 1 3 2
123 182 147 148 85 131 125 93 62 58 38 50 34 67 55 78 98 117 113 121 135 143 155 153
42 58 42 38 27 28 18 20 17 8 21 14 25 21 35 33 27 42 55 35 35 36 51 44
158 188 153 158 140 92 88 133 110 116 95 59 88 64 83 103 86 75 94 79 98 106 133 127
1 7 5 0 1 2 1 1 0 0 0 1 0 1 1 6 2 0 4 3 2 2 6 4
78 77 95 68 42 28 36 45 38 23 27 20 20 28 38 40 55 49 55 42 44 57 45 59
5 1 1 2 3 3 0 2 0 1 0 1 0 1 1 0 2 2 2 1 2 2 3 6
460 457 395 363 280 273 287 224 205 153 127 91 133 138 133 187 178 239 238 281 270 282 350 349
279 295 304 315 254 257 310 314 198 181 172 125 93 98 106 101 71 107 87 117 170 225 263 216
0 1 1 0 1 0 0 0 3 0 4 0 0 2 4 0 0 1 2 1 0 2 0 3
119 148 104 80 67 61 50 72 63 47 31 27 26 28 51 32 56 48 60 62 67 105 72 79
59 55 46 49 56 40 36 58 34 28 30 24 38 9 17 29 28 33 51 49 54 47 43 51
325 353 318 309 270 205 166 302 167 156 153 111 108 102 127 134 179 142 175 149 210 219 198 227
42 40 37 27 20 17 23 16 6 12 5 4 7 21 17 18 15 15 13 22 18 24 22 58
180 240 226 176 144 143 163 116 96 105 81 55 44 84 108 91 120 168 160 146 153 183 180 235
38 36 39 26 27 13 34 30 29 35 14 8 14 23 14 22 19 25 19 18 14 21 26 25
2 2 1 1 1 1 0 3 1 3 0 0 1 1 0 1 4 1 3 1 0 2 1 3
5 6 5 4 2 2 0 1 4 1 5 0 0 5 2 5 6 2 3 2 2 6 2 1
37 28 30 31 33 20 21 28 22 27 11 4 8 11 9 15 19 14 23 25 25 13 25 41
350 432 329 375 291 273 297 317 259 227 172 150 122 158 149 111 178 209 202 189 265 312 314 358
186 182 158 123 108 71 54 80 47 47 33 44 32 56 45 67 88 110 109 116 139 100 177 149
1 1 3 0 0 2 1 0 0 0 0 1 3 0 3 4 0 0 2 1 2 2 0 3
150 183 122 109 144 117 96 97 98 54 43 34 47 35 53 51 58 60 99 87 122 142 144 123
3 3 3 5 3 1 4 3 4 0 0 3 14 1 4 2 1 0 2 0 4 1 3 3
3 3 3 0 2 1 1 1 1 0 0 0 0 0 0 0 0 0 1 1 1 0 0 8
1 2 0 0 0 1 0 1 0 0 0 0 0 0 2 0 1 4 2 0 1 1 0 1
36 29 32 27 22 19 21 11 18 25 5 10 8 9 14 19 23 18 16 16 29 35 33 33
5 13 3 5 3 1 2 2 2 3 3 5 1 0 3 1 6 9 6 2 2 4 5 7
433 534 464 475 429 334 340 317 235 209 138 96 134 180 171 197 262 377 342 303 410 444 410 397
5 4 7 6 3 2 0 0 3 0 2 1 0 1 0 3 3 2 4 3 1 3 2 6
52 66 41 34 37 29 27 23 22 21 26 20 23 21 21 27 24 31 23 26 45 46 35 47
1 2 2 3 4 0 1 1 1 0 0 0 1 1 1 1 0 0 1 0 1 0 4 1
97 76 69 54 73 59 66 55 57 14 20 15 13 20 23 27 15 31 40 62 85 59 54 38
0 0 0 0 0 0 0 0 0 0 0 0 0 0 0 0 0 0 0 0 0 0 0 0
67 59 76 54 66 47 37 29 22 35 11 30 12 26 23 20 33 28 29 38 76 55 65 65
2 1 0 0 0 0 2 0 0 0 0 0 0 2 2 0 0 4 2 4 1 2 2 1
114 119 108 86 65 51 52 49 59 36 17 17 16 40 35 31 41 48 57 71 69 71 69 83
9 7 15 3 1 7 1 8 3 6 3 3 10 6 6 4 4 3 2 6 4 6 7 8
17 18 14 14 20 14 10 16 16 7 9 4 6 4 6 15 9 11 27 45 14 15 17 21
2 5 1 0 0 3 3 1 0 1 2 4 5 0 4 2 2 2 0 1 2 3 1 3
10 19 2 12 7 9 5 6 5 3 2 2 5 7 13 6 6 13 4 3 14 11 9 11
1 3 1 2 2 2 0 1 0 0 1 1 1 0 1 1 0 3 4 2 1 4 3 0
0 0 0 0 0 0 0 0 0 0 0 0 0 1 0 0 0 1 0 0 0 0 0 1
125 133 141 124 121 85 73 76 64 73 29 21 35 43 56 58 46 61 68 71 113 96 92 123
143 128 115 118 147 117 72 88 66 63 25 31 23 25 43 100 51 49 37 61 72 70 93 116
8 6 8 3 6 2 2 1 0 1 1 0 0 4 2 2 2 1 7 1 4 2 2 3
88 77 60 58 65 59 40 44 58 25 25 30 21 29 39 32 38 44 55 55 57 51 80 61
1 0 2 3 3 2 0 3 0 0 0 4 0 1 1 0 2 0 0 1 1 4 1 2
29 24 17 16 14 16 8 12 8 5 5 4 6 5 14 6 10 15 13 24 16 26 15 20
0 1 0 1 0 0 0 0 0 0 0 0 1 0 1 0 0 0 0 0 1 0 1 0
0 0 0 1 1 0 0 0 0 0 0 0 0 0 0 0 0 1 0 0 0 0 0 0
29 27 34 26 29 33 31 26 19 25 11 13 9 11 11 8 13 12 21 17 24 25 38 21
12 11 19 16 10 12 6 2 7 6 5 8 5 6 5 4 6 11 9 8 9 11 9 6
1 3 3 2 1 6 0 3 0 1 1 1 1 3 3 4 3 2 3 1 1 4 2 4
2 1 2 1 1 0 1 0 0 0 0 0 4 2 0 0 2 1 1 3 0 0 1 6
15 11 9 12 7 7 6 2 3 3 3 4 5 3 3 5 8 10 6 3 9 6 7 6
7 6 1 2 2 0 0 2 2 0 1 2 2 6 0 6 2 5 4 2 4 5 5 4
54 70 57 49 37 32 23 30 29 18 11 16 18 24 24 12 17 32 40 35 50 31 31 45
34 24 30 45 20 27 15 15 4 6 6 5 5 8 17 17 25 17 13 28 30 19 10 20
3 2 4 4 1 0 1 2 1 0 1 0 0 4 2 1 1 3 2 1 3 3 3 1
19 30 11 17 18 23 17 7 8 9 2 6 1 6 7 15 7 7 9 14 19 13 13 14
3 3 1 0 1 1 1 0 1 1 0 2 5 2 2 1 1 1 1 0 3 2 1 2
45 56 23 34 24 21 16 9 13 8 1 4 10 11 12 13 19 13 22 17 19 21 18 31
244 172 214 248 187 228 165 130 55 20 36 69 106 24 32 42 45 43 49 140 75 88 52 197
3 12 8 5 2 3 3 2 2 1 0 1 1 3 4 5 7 9 6 5 3 6 12 11
27 50 25 29 24 12 17 15 12 5 6 2 4 7 8 6 12 15 14 16 12 10 20 38
72 66 54 51 31 17 24 25 28 29 15 13 6 14 20 15 28 24 42 39 44 43 37 53
204 284 193 176 201 164 196 169 158 98 143 97 87 97 126 108 130 176 183 162 289 238 215 194
0 0 0 1 0 0 0 0 0 0 0 0 0 0 0 0 0 1 1 2 2 0 0 0
7 12 10 12 8 15 6 3 4 7 13 5 11 6 9 5 8 6 9 5 15 13 21 17
25 24 21 15 25 37 15 15 16 5 3 14 5 10 10 11 8 15 11 12 17 25 24 21
2 0 3 5 1 1 1 0 0 0 0 1 1 1 0 0 0 1 0 0 0 0 1 5
51 57 51 39 38 25 10 8 17 17 4 4 14 17 14 20 26 18 30 36 28 28 57 58
84 101 70 67 54 49 44 51 58 113 18 39 21 25 40 37 34 48 41 39 81 80 57 71
23 36 23 25 19 17 13 19 20 12 14 7 6 15 12 8 23 11 26 26 19 16 16 28
3 0 0 1 0 0 1 0 0 0 1 0 0 0 1 1 0 0 1 0 1 1 1 1
0 0 0 0 0 0 0 0 0 0 0 0 0 0 0 0 0 0 0 0 0 0 0 0
24 26 10 7 6 7 7 2 8 3 2 1 0 4 2 4 7 6 11 7 5 9 18 15
1 2 0 1 1 0 0 0 0 0 1 1 1 2 1 0 1 1 0 1 0 0 2 1
110 132 97 80 77 50 53 46 57 77 34 47 26 45 66 68 76 83 87 74 103 69 88 99
12 8 14 6 9 13 9 11 0 2 5 11 3 5 10 9 4 5 8 10 5 10 8 13
3 3 4 6 1 1 0 1 0 0 3 2 0 1 0 1 0 0 0 0 3 0 1 1
1 2 0 0 1 0 0 0 0 0 0 0 0 0 0 0 0 1 1 0 0 0 0 0
120 164 119 118 104 94 64 44 24 22 25 27 27 16 17 34 22 30 46 56 50 57 51 85
26 34 27 17 14 12 17 12 10 11 6 18 6 11 13 33 20 21 15 24 32 13 24 19
1 5 1 2 4 1 0 0 0 0 0 0 0 0 1 0 1 1 0 0 0 4 1 0
16 14 16 24 15 7 15 15 6 6 5 5 10 5 12 8 7 9 10 3 8 8 9 18
44 51 40 50 32 14 20 20 18 40 12 13 10 18 11 24 21 31 30 23 32 45 31 33
38 43 28 36 26 40 9 10 14 14 5 6 6 15 13 30 33 27 24 33 30 17 32 30
0 0 0 2 1 0 0 0 0 1 0 0 0 0 2 1 0 1 0 1 1 1 1 1
26 48 25 30 23 13 15 14 9 6 9 5 4 10 6 12 12 12 11 14 21 26 19 38
8 2 3 5 4 5 1 1 1 2 5 6 0 3 0 2 0 1 0 2 1 0 4 8
15 50 72 27 14 11 7 7 6 3 3 3 4 4 5 3 2 2 8 17 37 22 15 25
70 63 55 57 50 36 40 34 19 21 27 16 18 16 22 35 29 34 41 38 45 45 45 57
9 7 3 5 8 5 1 2 1 2 3 3 2 1 3 6 5 1 0 4 3 1 5 8
10 19 10 15 9 9 10 11 12 5 4 3 4 3 5 11 20 10 9 11 7 7 4 5
11 11 13 14 10 11 3 11 2 5 1 5 4 4 6 11 13 7 11 9 7 16 4 5
16 28 17 15 15 12 20 15 14 9 28 14 4 11 12 7 10 19 16 18 14 11 13 20
125 137 155 134 73 77 45 61 52 56 45 32 38 47 51 45 56 61 74 65 94 64 62 87
2 4 4 5 3 3 0 0 2 0 0 3 2 4 2 7 1 1 4 7 3 5 7 5
1 0 2 1 0 0 0 0 0 0 0 0 0 0 0 0 1 0 1 0 0 1 0 0
2 1 0 1 1 0 0 0 0 0 0 0 0 1 2 1 1 0 1 0 1 0 0 2
0 0 0 0 0 0 0 0 0 0 0 0 0 1 1 0 0 0 0 0 0 0 0 0
5 3 2 3 2 2 3 3 0 1 1 1 1 2 1 5 0 2 0 4 3 0 3 1
9 15 7 2 6 5 4 1 3 2 2 4 6 6 6 4 8 7 5 5 3 9 9 8
13 15 9 11 6 3 1 5 4 7 5 6 7 5 7 1 8 4 8 13 10 9 7 17
14 6 9 5 17 7 10 2 2 6 4 4 4 6 2 6 8 6 5 6 6 8 15 13
2 1 1 2 0 1 0 0 0 0 0 0 0 2 0 1 0 0 0 0 2 0 0 0
76 67 122 70 52 86 36 46 42 21 11 51 55 31 31 39 35 30 44 34 55 61 41 65
3 0 2 0 0 0 1 0 0 1 0 0 0 0 1 2 0 0 1 3 1 2 0 3
100 125 115 127 65 85 65 67 79 71 31 40 27 36 64 55 55 47 60 57 59 73 69 119
3 1 6 0 4 1 3 0 0 1 1 1 2 4 1 3 5 6 3 2 5 10 6 3
13 21 20 24 14 5 8 4 2 5 1 2 5 4 15 8 12 11 13 18 26 14 21 18
7 4 9 4 6 4 1 0 2 1 0 0 0 4 6 3 4 1 4 8 5 6 5 4
14 15 11 13 6 4 8 8 5 9 6 11 8 7 5 5 5 3 7 10 7 5 13 12
258 280 263 233 166 121 107 116 132 115 85 87 105 67 103 113 140 132 126 133 135 171 153 187
23 56 39 17 9 8 3 9 8 1 1 5 3 3 2 1 2 6 10 5 12 3 7 13
0 0 0 0 0 1 0 0 0 0 0 0 0 0 0 1 0 0 0 0 0 0 0 0
1 0 0 1 1 0 1 0 0 0 1 0 0 0 0 0 1 1 0 0 0 1 1 0
34 35 24 25 20 28 6 9 12 6 2 2 5 9 12 17 16 22 9 21 19 14 19 34
4 6 11 9 7 3 3 7 2 4 2 7 26 4 5 3 3 5 1 9 14 11 14 6
13 15 7 14 7 4 11 4 7 4 2 1 4 3 3 4 15 9 6 13 16 6 7 7
9 7 8 10 4 14 2 2 3 3 3 2 2 3 5 1 3 4 8 5 1 5 5 4
16 17 10 10 12 5 3 5 10 12 6 9 7 6 7 7 9 8 7 6 8 11 25 12
0 0 0 1 0 0 0 0 0 0 0 0 0 0 1 0 0 0 1 0 1 0 0 0
11 6 6 7 7 7 2 1 1 1 1 2 1 5 1 3 0 1 0 1 0 4 6 11
2 2 4 2 5 0 0 1 1 1 0 0 0 0 0 3 1 1 4 3 3 1 1 1
1 0 0 0 0 0 0 0 0 0 0 1 1 0 0 0 0 1 0 0 0 0 0 0
2 1 1 1 0 0 1 0 0 0 0 0 0 0 1 1 2 0 2 0 1 1 2 2
9 2 6 2 6 4 0 0 1 1 0 0 2 2 1 3 5 4 10 7 3 7 1 4
6 5 4 3 1 3 2 2 1 0 0 1 2 3 2 1 2 4 5 2 5 7 4 5
0 0 3 1 2 0 1 0 1 0 1 0 1 1 2 3 3 2 1 2 1 1 2 2
17 18 22 12 15 11 12 5 5 3 4 0 8 12 9 9 6 5 8 4 11 13 7 12
10 10 13 1 3 2 5 1 0 3 3 2 4 3 0 3 8 2 8 8 4 6 4 5
30 25 22 23 19 12 8 12 13 7 11 13 12 9 10 7 10 5 9 10 10 17 14 24
25 30 43 36 18 14 12 15 3 19 7 8 18 7 17 12 16 26 13 17 28 31 25 31
2 0 1 1 0 0 0 0 1 1 2 1 1 0 0 0 0 0 0 0 2 0 0 0
54 58 57 48 36 32 28 23 16 13 20 26 40 12 25 13 20 29 30 12 28 25 24 33
0 0 0 0 0 0 0 0 0 0 0 0 0 0 0 0 0 0 0 0 0 0 0 0
15 25 15 6 11 8 18 12 3 11 9 4 5 10 5 9 14 9 9 8 22 28 30 13
7 5 9 1 5 2 3 1 3 0 1 1 0 2 1 5 4 5 10 7 6 4 2 4
4 8 2 8 7 5 2 4 6 0 1 3 4 1 1 1 3 4 1 2 6 3 4 4
5 2 4 1 3 2 0 0 0 0 3 2 2 1 4 2 12 6 5 6 0 6 2 4
36 42 36 31 26 20 17 10 10 12 6 7 16 8 10 22 22 17 19 15 25 57 40 23
44 45 56 35 19 23 14 36 27 20 4 8 14 9 9 6 15 15 18 21 31 23 19 21
97 121 106 81 71 52 46 45 51 32 34 33 93 24 27 19 37 49 46 61 58 86 59 74
29 36 41 48 35 22 25 8 16 2 5 10 10 9 12 16 22 23 23 19 37 23 32 24
7 4 4 1 4 2 0 3 0 0 0 1 2 4 3 0 4 2 0 7 1 12 7 7
3 1 5 4 2 0 1 0 1 0 1 2 0 2 3 3 0 2 4 3 2 3 2 5
1 0 1 1 1 2 0 1 0 0 0 0 1 0 0 2 3 1 2 2 2 0 1 0
1 1 1 1 3 1 1 0 0 1 1 1 0 1 0 2 0 3 4 4 1 4 2 3
1 2 1 4 0 2 0 0 0 0 0 1 0 0 0 1 0 2 0 6 1 3 1 0
39 41 42 19 17 17 11 16 20 9 9 9 8 8 8 5 14 9 19 9 15 17 17 24
18 20 16 11 13 8 15 9 3 0 1 0 0 3 5 5 12 12 8 8 14 5 8 12
6 5 4 1 1 4 7 0 3 2 4 2 1 1 2 0 2 1 2 1 1 1 4 4
34 29 40 23 15 9 12 9 7 8 8 9 17 3 14 6 11 11 12 9 13 6 8 14
61 74 77 71 44 26 24 34 32 22 20 21 26 25 30 31 43 37 37 46 54 48 48 52
0 0 0 0 0 0 0 0 0 0 0 0 0 0 0 0 1 0 0 0 0 0 0 0
4 6 2 6 7 0 2 1 1 1 0 1 3 2 4 4 2 1 3 2 5 2 4 4
4 3 7 2 0 3 5 1 3 0 2 1 1 1 2 0 3 1 6 1 3 2 3 5
4 3 3 4 2 0 1 3 0 0 1 0 0 2 0 3 3 5 4 3 1 5 0 3
0 1 5 1 0 0 0 0 0 0 0 0 0 1 0 0 1 0 1 1 1 0 1 0
5 2 3 4 3 5 4 0 1 0 1 1 0 4 1 1 4 1 0 2 3 2 2 3
2 6 1 4 2 3 1 0 2 0 0 1 0 0 1 3 5 6 3 3 1 3 0 7
5 2 3 4 4 3 5 3 4 0 1 2 2 0 1 2 2 1 2 0 5 7 6 1
20 20 22 9 18 8 10 3 6 3 1 6 8 7 5 6 13 4 17 15 13 17 11 13
2 2 0 0 1 0 1 0 0 1 1 1 1 1 4 1 1 0 1 3 2 2 2 1
1 2 0 0 0 0 0 0 0 0 0 0 0 0 0 0 1 0 0 1 1 1 1 0
85 40 35 29 31 19 18 18 9 10 5 5 10 13 11 14 11 17 21 25 32 39 27 33
11 17 15 7 7 7 6 2 2 3 10 3 2 4 8 5 6 5 7 8 4 6 5 13
2 4 5 3 1 1 1 1 1 0 0 3 2 1 1 1 3 4 3 11 8 5 7 5
7 7 3 6 6 1 6 5 3 1 1 4 3 1 4 3 2 1 3 3 1 9 2 4
24 46 39 17 21 8 9 6 10 14 9 11 11 6 13 13 12 9 23 7 14 11 19 26
3 3 3 2 1 1 3 1 3 0 1 0 0 0 0 0 0 0 0 0 0 0 2 0
37 36 34 47 22 20 20 20 19 11 13 12 10 12 16 16 20 26 22 23 18 22 26 34
0 0 0 1 1 0 0 1 0 0 0 3 0 2 1 0 2 0 0 1 1 0 0 0
23 26 16 17 8 11 9 6 2 5 3 4 5 8 7 6 10 6 9 12 9 9 16 6
2 13 7 6 4 0 4 0 0 0 0 0 1 1 1 3 3 6 3 5 3 2 5 3
1 0 2 1 0 0 0 0 0 1 1 1 0 0 0 0 2 2 0 1 0 2 0 0
13 15 20 15 8 19 8 18 6 6 6 7 7 10 6 11 7 11 9 8 13 16 20 18
9 16 6 10 14 10 6 1 1 4 4 3 7 4 4 4 4 5 7 10 8 10 8 8
0 0 0 0 0 0 0 0 0 0 0 0 0 1 0 0 0 0 0 0 0 0 0 0
11 6 9 8 14 4 4 1 1 1 2 10 14 3 13 1 6 7 1 1 4 12 8 10
8 4 14 8 8 11 11 6 2 2 4 3 11 6 6 4 8 23 16 14 12 14 7 7
7 9 11 6 5 5 4 9 6 4 8 15 4 6 5 3 2 2 3 2 4 3 3 6
6 11 17 7 5 7 5 1 0 7 2 1 6 3 3 5 8 4 4 2 4 10 6 9
0 0 0 0 1 0 0 0 0 0 1 0 0 0 0 0 0 1 0 0 1 0 0 0
8 2 3 5 2 3 0 1 0 2 1 0 5 1 2 3 3 6 6 2 1 1 2 3
12 7 10 5 12 7 2 3 3 2 1 5 8 2 11 4 8 8 4 10 13 11 10 12
5 7 8 5 2 4 7 5 0 2 3 6 8 8 7 9 12 15 10 14 12 5 7 7
0 0 0 0 1 0 0 0 0 0 0 0 0 0 0 0 1 0 0 0 0 0 0 0
1 0 2 0 0 0 1 0 0 0 2 0 0 0 0 0 3 0 1 1 3 1 0 0
3 2 1 2 2 1 1 1 0 0 0 1 1 3 1 3 9 3 0 6 1 3 0 1
0 1 0 2 1 0 0 1 0 0 0 0 0 0 0 0 1 0 3 0 1 1 0 0
2 3 3 1 3 1 1 1 1 0 2 2 0 0 0 3 1 1 3 1 3 0 2 3
0 3 3 0 1 1 0 0 0 0 1 0 2 2 2 2 1 2 1 2 0 0 0 1
1 1 0 0 1 2 0 0 0 0 0 0 0 0 0 0 0 0 0 4 0 0 0 0
15 3 6 14 16 12 4 2 2 2 4 0 4 2 1 4 3 4 2 4 2 6 6 8
12 15 21 12 11 5 7 1 2 6 5 3 14 8 14 7 9 9 7 6 9 14 23 15
2 4 2 7 5 5 1 1 0 1 1 3 2 5 0 5 3 3 4 5 4 5 5 3
1 2 2 1 2 1 1 0 1 0 0 3 3 2 2 1 0 3 1 3 8 5 2 2
4 2 3 10 3 3 2 3 0 1 1 2 0 1 5 3 3 3 1 1 1 3 3 1
3 3 10 2 1 6 0 0 1 0 0 3 0 3 2 4 3 3 6 3 7 6 12 3
0 0 1 0 1 0 0 0 0 0 0 0 0 0 0 0 0 0 0 0 3 0 2 1
7 4 14 4 12 16 5 2 2 2 0 1 4 1 3 5 2 5 6 10 11 3 12 9
12 11 9 15 12 12 7 7 4 6 10 10 8 9 9 4 9 7 5 3 6 11 10 8
0 0 0 0 0 0 0 0 0 0 0 0 0 0 0 0 0 0 0 1 1 4 0 0
8 5 2 3 2 1 3 3 2 0 0 1 0 0 0 1 2 1 3 0 1 4 1 5
2 6 10 6 5 3 2 1 0 1 3 1 0 3 2 0 0 2 5 1 4 0 1 5
8 14 12 6 19 7 2 0 1 2 0 4 4 1 9 1 10 3 4 9 5 3 11 9
0 1 2 1 0 3 4 0 0 1 1 1 0 0 0 2 1 1 0 0 1 2 1 5
5 5 3 5 6 2 2 0 1 0 1 2 1 2 3 1 3 0 5 4 4 1 2 5
8 8 3 11 2 2 4 3 2 2 5 5 4 6 8 6 3 2 1 5 6 6 4 10
10 12 23 12 12 10 3 7 7 2 14 5 2 8 6 5 4 6 12 7 10 16 12 15
0 0 0 0 0 0 0 0 0 0 0 0 0 0 0 0 0 0 0 0 0 0 0 0
9 4 5 6 6 6 6 15 5 1 3 2 7 15 6 7 3 3 9 5 10 15 14 11
0 1 2 5 0 0 3 1 1 0 0 0 0 1 0 1 1 1 1 3 0 1 0 0
3 0 0 1 1 0 0 2 0 0 1 0 1 0 1 1 1 1 0 1 0 2 1 1
5 4 14 9 11 10 5 0 3 3 2 0 2 4 3 4 5 3 3 5 7 1 6 8
3 4 2 3 2 2 0 0 0 0 0 0 5 1 0 3 2 0 1 0 1 1 2 3
5 4 3 0 4 0 1 1 1 0 0 0 2 0 3 3 0 1 5 1 2 2 3 2
2 4 1 3 1 2 4 0 0 0 0 0 1 0 1 1 2 1 0 5 2 1 3 0
0 1 0 0 0 0 0 0 0 0 0 0 0 0 0 0 0 0 0 0 0 0 0 0
28 34 42 27 40 28 28 14 19 12 15 5 9 5 8 14 17 15 16 27 31 23 23 22
3 0 0 0 0 1 0 0 0 0 0 0 1 0 0 0 0 1 1 0 1 1 0 1
2 0 0 2 4 0 0 2 3 1 0 3 0 1 3 0 2 2 5 3 2 3 3 2
1 0 0 1 1 0 0 2 0 0 1 0 0 0 1 1 0 1 0 0 0 1 0 1
5 6 11 2 8 9 4 1 1 2 3 2 4 2 6 2 6 2 4 6 9 4 6 1
0 0 0 0 0 0 0 0 0 0 0 0 1 0 1 0 0 0 0 0 1 1 0 0
3 1 0 3 5 2 5 2 1 1 0 0 1 0 2 1 3 0 2 3 1 0 7 3
1 1 1 2 1 2 1 2 1 0 0 0 2 0 0 2 2 1 1 1 3 0 2 3
35 39 27 23 33 20 22 23 16 16 19 5 6 12 19 10 12 17 13 14 9 16 17 33
0 0 0 0 0 0 0 0 0 0 0 0 0 0 0 0 0 0 0 0 0 0 0 0
0 0 1 0 0 0 0 0 0 0 0 0 0 0 0 0 0 0 0 0 0 0 0 0
10 10 13 6 13 6 6 8 2 0 3 5 4 4 3 4 6 4 6 2 11 5 5 13
4 3 0 1 2 2 13 3 2 0 1 3 3 1 1 1 0 2 0 3 2 3 2 1
8 6 12 16 10 9 9 3 4 0 6 0 5 12 5 7 3 11 13 17 12 7 5 9
2 5 3 2 6 4 7 1 0 0 0 0 1 2 3 3 2 5 3 2 5 2 4 5
0 0 0 1 0 0 1 0 1 0 0 0 0 0 0 0 0 1 0 0 1 0 0 0
2 7 1 9 1 7 0 1 2 1 0 2 2 0 1 4 5 2 5 2 6 4 7 1
0 2 2 5 5 1 0 0 1 0 1 0 2 0 2 2 1 2 4 4 3 3 2 6
3 3 0 2 0 0 2 1 1 1 2 0 1 0 2 2 0 1 1 2 2 2 2 0
6 2 6 5 2 2 2 2 1 2 0 3 3 3 0 3 2 4 5 4 6 4 2 3
3 0 0 0 1 1 0 2 1 0 1 1 3 1 0 0 0 1 0 1 3 1 2 0
0 0 0 0 0 0 0 0 0 0 0 0 0 1 0 0 0 0 0 0 0 0 0 0
53 33 22 26 13 28 33 44 25 9 8 6 17 5 1 8 6 6 4 4 7 19 16 16
0 2 0 1 0 0 3 0 0 0 0 0 0 0 1 0 0 1 0 0 0 1 1 2
0 1 1 0 0 0 0 0 0 0 0 0 0 0 2 0 0 1 0 1 1 3 0 1
18 31 43 27 27 16 17 12 6 7 18 9 15 12 8 13 17 17 16 14 23 19 18 33
1 0 0 1 0 3 1 0 0 1 0 4 5 1 0 3 2 0 3 1 3 1 2 1
2 0 0 0 0 1 0 0 0 0 0 0 0 1 1 0 0 1 0 0 0 1 0 1
1 0 0 0 0 0 1 0 0 0 0 0 1 0 0 0 2 1 0 2 1 1 1 1
5 4 4 3 4 2 4 2 1 2 0 0 2 0 2 2 1 2 1 7 0 3 1 2
0 0 2 0 0 0 0 0 0 0 0 2 1 0 0 0 0 1 0 0 3 0 2 2
1 8 5 1 1 2 0 0 0 1 0 1 0 2 1 3 1 5 4 4 3 3 1 3
0 0 1 2 1 4 0 0 0 1 0 3 0 1 0 2 2 0 2 1 3 1 2 0
0 0 0 0 0 0 0 1 0 0 0 0 0 0 0 1 0 0 0 0 0 0 0 0
0 0 0 0 1 1 4 0 0 0 0 0 0 0 1 0 0 2 5 2 0 1 1 2
1 0 0 1 1 1 1 1 0 0 0 0 1 2 1 1 1 1 0 0 2 0 1 1
30 31 38 43 32 23 20 5 9 12 6 16 6 15 9 11 9 29 28 31 38 16 28 33
8 9 2 3 4 5 10 5 0 2 0 0 3 1 3 2 1 5 1 4 8 1 8 8
0 2 2 0 0 0 0 0 0 0 0 2 1 0 0 1 0 1 0 0 2 0 2 1
0 0 0 1 0 0 0 0 0 0 0 0 0 0 0 0 0 0 1 0 0 0 0 0
1 2 0 0 0 0 0 0 0 0 0 0 2 0 1 0 0 2 0 0 0 2 0 3
2 0 1 2 1 0 0 0 0 0 0 0 1 3 0 0 1 1 0 1 0 2 0 0
57 42 28 30 9 17 10 9 11 4 5 6 6 7 8 14 17 6 19 13 9 19 34 34
2 0 0 2 0 0 2 0 0 1 0 2 0 1 1 1 0 2 0 2 0 1 0 1
0 0 0 1 2 0 0 0 1 0 0 0 0 0 0 0 0 1 0 0 0 1 0 0
1 1 2 0 3 0 0 0 0 1 0 0 0 0 0 1 1 2 2 3 0 1 0 1
0 2 1 0 0 0 0 1 0 0 0 0 0 1 0 0 1 1 1 1 2 1 1 2
5 4 4 11 3 13 5 1 1 0 0 0 7 0 2 0 2 3 4 2 1 2 1 4
16 9 4 8 20 4 12 3 5 0 0 1 3 2 1 4 6 10 4 5 6 4 7 11
1 0 0 0 2 1 0 0 0 0 0 0 0 1 0 0 0 2 0 1 0 0 0 0
29 21 22 18 43 13 20 11 18 5 3 5 4 12 9 6 14 12 13 18 15 14 25 27
0 0 0 0 0 0 0 0 0 0 0 0 0 0 0 0 0 0 0 0 0 0 0 0
0 7 4 0 1 1 1 0 0 2 1 2 1 0 0 1 2 0 1 2 3 1 1 2
62 60 59 79 68 45 30 23 22 23 18 15 21 23 20 33 24 39 41 43 50 40 50 49
1 0 0 0 0 0 0 0 0 0 0 0 0 1 0 0 0 0 1 0 0 1 0 0
1 0 0 2 2 1 0 0 0 0 0 0 0 0 0 0 0 0 0 1 0 0 0 0
4 1 0 2 1 0 1 0 0 0 0 0 5 1 2 0 3 1 2 3 2 2 5 0
4 4 3 4 8 6 3 3 1 1 1 3 1 4 5 2 4 7 6 4 6 4 10 7
24 26 32 22 13 11 10 8 10 9 5 7 5 7 13 12 21 13 11 17 9 16 24 24
0 0 0 0 1 0 0 0 0 0 0 0 0 0 0 0 1 0 0 0 1 1 1 0
0 0 0 0 0 0 0 0 0 0 0 0 0 0 0 0 0 0 0 0 0 0 0 1
0 0 0 0 0 0 0 0 0 0 0 0 0 1 0 0 0 0 0 0 1 0 0 0
7 1 3 7 4 2 1 1 0 1 0 0 2 0 0 0 4 1 1 2 1 1 3 5
1 0 2 1 1 0 1 0 0 0 0 0 1 0 0 0 1 0 0 0 0 1 0 0
0 0 0 0 0 0 0 0 0 0 0 0 0 1 0 0 0 0 0 0 0 0 0 0
8 3 4 5 3 4 2 2 5 1 1 3 2 1 2 3 2 3 4 5 8 9 7 11
1 1 0 0 2 1 0 0 0 0 1 0 0 0 0 0 0 0 0 0 0 0 0 1
0 0 1 0 1 0 1 0 0 0 1 0 0 1 0 0 0 0 1 0 0 0 0 0
0 0 0 0 0 0 0 0 0 0 0 0 0 0 0 0 1 0 0 0 1 0 0 0
2 0 2 0 1 1 0 0 0 0 0 0 1 0 0 0 0 1 1 1 2 1 5 1
3 12 10 11 5 4 1 8 2 3 3 2 3 1 3 5 9 7 5 9 6 9 13 14
0 0 0 1 0 0 0 1 0 0 0 0 0 0 0 0 0 0 0 0 0 0 0 0
2 0 1 0 2 2 0 1 1 0 0 0 1 2 1 2 3 5 1 2 2 2 2 2
2 3 3 0 1 1 1 0 1 3 0 2 1 3 3 1 3 3 1 1 0 1 4 3
26 21 20 26 31 25 13 8 9 5 6 12 12 12 12 13 14 15 14 21 20 17 18 15
2 2 2 1 1 0 0 1 0 0 1 0 1 1 0 2 1 0 0 0 1 0 0 2
4 4 5 2 1 0 0 0 0 0 1 0 0 0 1 2 2 0 1 2 1 1 2 1
0 2 3 1 2 2 1 0 1 2 0 2 1 0 1 1 0 3 2 0 0 1 0 1
0 0 0 0 1 0 0 0 0 0 1 0 0 0 0 0 0 0 0 0 0 1 0 0
0 0 3 0 0 1 3 2 3 0 2 1 1 2 0 2 0 2 0 2 3 3 2 5
1 1 1 1 0 1 0 0 0 0 0 0 0 3 0 0 3 2 0 0 0 0 1 2
24 24 24 21 16 15 8 5 3 5 1 2 10 5 13 9 16 16 8 14 17 17 19 19
2 7 1 3 2 3 2 11 5 2 4 2 1 1 0 3 2 1 1 1 2 1 4 4
0 0 0 0 0 0 0 0 0 0 0 0 0 0 0 0 0 0 0 0 0 0 0 0
9 4 7 6 5 7 4 3 4 1 3 0 3 2 1 2 1 2 1 2 1 3 5 5
0 0 1 1 0 1 0 1 0 0 0 1 1 0 1 2 0 0 1 0 1 1 1 0
0 0 0 0 0 0 0 0 0 0 0 0 0 0 0 0 0 1 0 0 0 0 0 0
0 3 1 4 0 0 0 0 0 0 0 0 0 2 1 0 0 2 0 0 0 1 2 0
0 0 0 0 0 1 0 0 0 0 1 3 0 0 1 0 0 0 0 0 0 0 0 0
1 1 1 0 0 0 0 0 0 2 0 1 0 0 0 0 1 2 1 0 1 0 0 2
2 0 0 0 1 5 0 1 2 0 1 1 2 0 1 0 5 5 1 1 4 2 2 3
0 0 0 2 0 0 0 0 0 0 0 0 1 0 1 0 0 0 0 0 0 0 1 1
0 0 0 0 0 1 1 1 0 3 0 0 0 0 1 0 0 1 1 0 0 0 0 0
1 0 0 0 2 2 0 0 2 1 1 0 2 0 1 3 2 1 0 1 0 1 2 2
2 1 0 1 2 2 0 0 0 2 0 0 0 2 0 0 1 0 1 0 4 0 1 0
0 0 0 0 0 0 0 0 0 0 0 0 0 0 0 0 0 0 0 0 1 0 0 0
3 2 3 3 2 0 0 0 0 0 2 3 1 2 2 1 0 1 5 1 1 1 3 2
1 0 0 0 0 0 0 0 0 0 0 0 0 0 0 0 0 0 0 1 0 0 0 0
1 1 0 0 2 0 0 0 0 0 0 0 0 0 0 0 0 0 0 0 1 0 0 0
2 0 0 0 0 0 0 0 0 0 0 0 1 0 1 0 0 0 0 0 1 1 0 0
14 11 4 8 4 4 7 5 4 3 2 0 6 3 7 7 6 7 3 8 7 5 9 8
2 2 0 0 0 3 0 1 1 0 0 0 0 0 0 1 1 0 1 0 3 1 1 0
0 0 0 1 0 0 0 1 0 0 0 0 0 0 0 0 1 0 0 0 1 0 0 0
0 0 0 2 0 0 0 0 0 0 0 2 0 1 1 0 0 0 0 0 1 1 2 4
0 0 0 0 0 0 0 0 0 0 0 0 0 0 0 0 0 0 0 0 0 0 0 0
2 2 5 1 1 1 1 1 0 0 0 0 0 0 0 2 0 2 1 1 0 0 1 1
6 4 2 2 1 0 1 1 0 1 1 0 0 1 0 0 0 1 0 0 3 4 4 2
0 0 1 0 0 0 0 0 0 0 0 0 0 1 0 1 1 0 0 0 0 1 2 0
0 0 0 0 0 1 0 0 0 0 0 0 0 0 0 1 0 0 0 0 0 0 0 0
4 1 2 0 1 0 0 1 0 0 1 2 2 0 1 1 0 2 0 1 9 2 4 3
0 0 0 0 0 0 0 0 0 0 0 0 0 0 0 0 0 0 0 0 0 0 0 0
0 0 0 0 0 1 1 0 0 0 0 0 0 0 0 0 0 0 0 0 1 0 1 0
3 11 4 9 2 2 4 3 1 1 1 0 2 2 2 4 3 5 5 7 6 2 5 3
1 3 4 2 1 1 2 1 0 0 1 1 2 3 1 2 2 3 1 1 2 1 1 5
1 0 3 0 2 3 0 1 0 0 0 1 2 0 1 1 2 0 1 0 3 1 0 1
15 14 7 10 6 6 3 7 10 7 6 10 5 8 4 11 11 9 9 12 9 10 18 16
9 10 2 4 4 2 0 2 0 0 1 0 1 3 6 3 4 4 3 7 10 3 9 3
4 2 1 3 2 3 1 1 3 0 0 2 0 1 1 0 1 1 0 1 1 0 3 9
3 1 0 1 0 2 0 0 1 0 1 0 1 0 0 0 1 0 2 2 1 1 0 2
3 1 0 1 3 1 0 0 0 0 0 0 0 0 2 0 0 1 0 1 1 2 0 0
0 0 0 1 1 0 2 0 0 0 0 0 0 2 1 0 0 1 0 0 1 2 1 4
1 6 4 2 1 0 0 0 0 0 0 0 0 1 0 4 0 3 1 2 2 3 1 3
2 0 1 0 0 0 1 0 0 0 0 0 0 4 0 0 0 0 1 0 1 1 1 0
4 1 2 0 0 3 0 0 0 0 0 0 3 1 2 1 2 5 4 2 2 3 1 4
0 2 0 0 1 0 0 0 1 0 0 1 0 1 0 1 0 1 0 0 1 1 1 1
1 0 0 0 1 1 0 0 0 0 0 0 0 1 0 1 0 0 1 0 0 2 0 1
1 1 1 2 2 1 2 0 0 1 0 0 2 0 0 0 0 1 1 0 0 2 0 2
0 0 0 0 0 0 0 2 0 0 0 0 0 0 0 0 0 0 0 0 0 1 1 0
0 1 0 1 1 0 0 0 0 0 0 0 0 1 0 0 0 0 0 0 0 0 0 0
0 0 0 2 1 0 1 0 0 0 0 1 0 3 1 0 0 1 0 1 3 4 2 2
0 0 4 0 0 0 0 6 0 0 0 0 0 0 0 0 1 0 0 2 1 0 1 2
2 0 0 0 0 0 2 0 0 0 0 0 2 1 0 0 0 0 0 0 0 1 1 1
2 2 2 1 1 0 0 0 3 0 0 0 0 0 3 1 2 0 1 2 5 2 1 0
1 1 0 1 0 0 0 0 0 0 0 0 1 1 0 0 1 0 0 3 2 1 1 5
1 0 0 0 0 0 0 0 0 0 0 1 1 0 0 0 0 1 0 0 2 0 0 0
1 0 2 0 0 0 0 1 0 6 1 1 0 0 0 0 0 2 1 1 1 1 1 2
3 7 3 3 4 5 2 1 0 1 1 5 2 0 1 5 3 2 1 5 3 8 3 4
2 2 1 3 2 2 3 1 1 0 2 3 4 1 1 0 0 0 0 0 1 3 2 3
7 7 3 12 4 1 0 16 0 1 0 3 2 0 1 6 4 5 3 7 5 9 6 11
4 1 1 1 1 1 0 1 0 0 0 0 0 0 2 0 0 0 0 0 1 1 1 3
1 2 0 1 1 0 0 0 0 0 1 0 0 2 0 1 0 0 0 0 2 1 0 2
23 30 40 25 25 19 9 11 5 3 3 9 9 7 8 15 14 13 13 24 14 23 28 20
1 0 2 1 1 0 0 0 2 1 12 1 0 0 1 2 1 3 1 0 3 4 1 0
0 0 1 1 0 0 1 1 0 0 0 0 1 0 0 0 0 0 0 1 0 0 0 0
16 13 12 17 16 8 4 19 4 3 7 3 3 4 2 8 7 10 12 11 11 8 13 22
0 0 0 0 0 0 0 0 0 0 0 0 0 1 0 0 1 0 0 0 0 0 1 2
0 0 0 0 0 0 0 0 0 0 0 0 0 0 0 0 0 0 0 0 0 0 0 0
0 0 0 0 0 0 0 0 1 0 0 0 0 0 0 1 0 0 0 0 0 0 0 0
0 0 1 0 0 0 0 0 2 0 0 0 0 0 1 1 1 0 0 0 0 0 2 0
0 0 0 0 0 0 0 0 0 0 0 0 0 0 0 0 0 0 1 0 0 0 0 0
1 0 2 5 3 2 3 1 0 0 2 0 4 1 1 1 1 3 4 4 3 4 0 0
8 7 6 5 4 2 0 0 1 1 2 0 0 4 2 3 2 3 4 3 9 3 5 12
1 0 1 1 0 0 0 0 0 0 3 0 0 0 0 0 0 1 0 0 0 2 0 0
3 0 2 0 1 6 0 0 0 0 2 0 0 0 2 0 6 0 1 1 3 2 4 1
0 2 0 1 1 1 0 1 0 0 0 0 0 0 0 1 0 0 0 1 0 0 1 0
3 6 2 0 1 3 3 1 1 1 0 0 0 0 1 3 3 0 2 1 0 2 7 4
5 1 3 3 6 4 3 0 1 4 3 0 1 0 2 2 8 4 2 2 4 3 8 5
0 2 2 0 0 3 0 0 1 1 1 0 3 0 0 1 2 0 0 2 1 0 0 0
0 1 1 0 0 0 0 0 0 1 0 0 2 0 1 2 1 1 0 1 0 2 0 1
1 2 2 0 1 0 1 1 0 4 1 0 0 0 0 2 1 1 1 2 1 1 5 4
10 4 0 1 6 4 3 3 0 1 0 2 2 1 1 0 3 4 5 5 3 6 9 7
7 19 5 2 3 4 0 2 1 1 0 1 1 0 1 4 6 7 4 8 1 4 10 6
0 0 0 0 0 0 0 0 0 0 0 0 0 0 0 0 0 0 0 0 0 0 0 0
0 0 0 0 0 0 0 0 0 0 0 0 0 1 0 1 1 2 2 0 1 0 0 1
10 7 11 9 3 9 3 10 2 0 4 3 7 5 7 5 3 7 8 10 4 10 14 9
0 0 0 1 0 0 0 0 0 0 0 0 0 1 0 0 0 1 0 1 0 0 1 0
0 0 0 0 0 0 0 0 0 0 0 0 0 0 0 0 0 0 0 0 0 0 0 0
3 3 1 2 2 2 2 0 1 0 0 1 2 2 1 0 1 2 2 0 2 2 3 2
1 0 2 2 0 1 0 0 0 0 0 0 0 1 0 0 1 0 0 1 4 1 1 1
0 0 0 0 0 0 0 0 0 0 0 0 0 0 1 0 0 0 0 0 0 0 0 0
3 0 1 1 1 0 0 0 0 0 0 0 1 0 1 0 0 1 1 0 0 0 1 3
1 0 1 0 0 0 0 0 0 0 0 0 0 0 0 0 0 1 0 0 0 0 1 0
5 4 4 5 2 2 1 5 1 0 1 0 2 0 0 0 0 1 2 3 5 1 6 5
3 0 0 2 1 0 1 0 0 0 0 0 0 0 0 1 0 0 0 0 0 0 2 3
0 0 0 0 0 0 0 0 0 0 0 0 0 0 0 0 0 0 0 0 0 0 0 0
0 0 3 1 0 0 0 0 0 1 0 0 0 1 1 0 1 1 2 1 3 0 0 4
1 0 0 0 0 0 0 0 0 1 0 0 0 0 0 0 1 0 2 2 4 0 1 1
4 1 2 2 4 2 1 0 0 0 2 1 0 1 2 2 2 2 1 3 2 8 5 5
7 3 8 12 8 3 0 2 2 0 4 0 2 2 2 6 4 3 2 1 15 4 5 13
8 2 2 4 3 2 1 0 0 0 0 2 1 0 2 3 0 4 0 3 0 2 5 3
0 1 0 2 2 1 0 0 0 0 0 0 1 0 0 0 0 0 0 0 0 0 1 2
10 7 9 10 4 0 1 3 1 0 1 1 1 0 2 1 2 4 3 1 5 4 3 4
0 1 0 1 0 0 1 0 0 0 1 1 0 1 1 1 1 0 1 0 0 0 2 0
0 0 0 0 0 0 0 0 0 0 0 0 0 0 0 0 0 0 0 0 0 0 0 0
0 0 0 0 0 0 0 0 0 0 0 0 0 0 0 0 0 0 0 0 0 0 0 0
6 0 0 2 0 0 0 0 0 0 0 2 2 0 3 0 1 0 0 0 0 0 0 2
1 0 0 0 0 1 0 0 0 0 0 0 0 0 0 0 0 0 0 0 0 0 0 0
0 0 0 0 0 0 0 0 0 0 0 0 1 0 0 0 0 0 0 0 0 0 0 0
2 2 3 0 2 0 1 4 2 0 1 0 2 3 2 1 1 4 0 4 6 5 3 7
0 1 0 0 0 0 0 0 0 0 1 1 0 0 0 0 1 0 0 0 1 1 0 0
0 0 0 0 0 0 0 0 0 0 0 0 0 0 1 0 0 0 0 0 0 0 1 0
17 18 24 11 10 12 10 5 9 8 5 2 1 2 7 8 12 15 16 15 12 22 23 11
0 1 1 1 0 0 0 0 0 1 0 0 0 1 0 1 1 1 1 0 2 2 2 1
15 10 10 8 1 0 3 3 2 4 0 0 3 4 4 6 9 4 7 8 10 8 11 7
0 0 0 0 0 0 0 0 0 0 0 0 0 0 0 0 0 0 0 0 0 0 0 0
1 0 0 0 0 1 0 0 0 0 0 0 0 0 0 0 1 1 0 1 0 0 1 1
2 1 2 3 2 2 2 2 0 1 0 0 0 0 2 3 0 1 0 0 1 5 2 2
0 2 3 1 2 0 1 1 1 0 0 0 4 0 1 0 0 2 0 1 0 2 3 1
1 0 1 0 1 1 1 0 0 0 1 1 1 1 0 0 0 0 1 0 1 3 0 1
3 5 10 2 4 9 9 9 0 2 19 2 1 0 1 1 1 2 4 8 5 5 11 6
1 2 1 2 1 1 0 0 0 0 0 0 0 0 1 0 1 1 0 0 0 2 0 0
0 0 0 3 0 6 5 1 0 0 4 0 1 0 0 1 2 3 1 0 1 2 0 2
2 5 3 2 0 4 1 0 0 0 1 1 1 2 2 2 1 3 4 17 3 8 3 2
1 2 1 1 1 0 0 0 0 1 2 0 0 0 1 2 0 0 0 3 0 2 0 2
2 3 1 1 0 0 0 0 0 0 1 1 2 0 1 1 0 3 1 2 1 3 0 2
0 2 1 2 0 0 1 0 0 1 2 0 1 0 1 0 0 1 1 1 0 0 0 2
3 3 1 2 4 3 2 2 0 0 1 1 2 0 7 4 2 1 2 3 5 5 1 4
1 1 1 1 0 0 1 0 2 0 1 0 0 0 1 2 0 0 0 1 2 0 1 0
1 1 0 2 1 0 0 0 1 1 0 0 0 0 1 0 1 1 0 1 0 0 0 0
0 0 2 1 1 0 0 0 0 1 0 0 0 0 0 0 0 3 0 0 2 0 0 0
3 1 2 1 1 0 3 0 0 0 0 1 2 0 0 1 0 1 3 2 0 0 1 2
1 0 0 0 0 0 0 0 0 0 0 0 0 0 0 0 0 0 4 0 1 0 0 1
16 18 13 13 12 15 8 6 3 4 3 10 6 5 2 5 3 12 7 9 4 10 12 17
0 3 2 1 0 0 0 0 0 0 0 1 0 1 0 1 2 1 2 0 2 0 3 1
2 4 2 0 0 0 1 0 0 0 0 0 2 1 2 1 1 1 2 3 1 0 2 0
0 0 1 0 2 0 0 1 0 0 1 1 2 1 0 0 0 1 0 3 1 0 4 1
10 7 9 5 4 9 4 3 4 1 1 0 1 3 4 5 5 10 4 6 5 6 8 6
4 2 5 4 0 2 2 1 4 1 1 0 1 1 3 4 1 3 4 3 16 9 5 6
0 1 2 1 1 2 0 0 0 1 0 0 2 0 0 0 3 3 1 3 3 4 2 4
0 4 1 0 2 1 2 0 0 0 1 0 1 0 3 3 0 0 1 0 4 2 0 0
1 1 0 1 1 0 1 2 1 0 0 1 0 1 2 2 0 5 0 0 1 1 3 1
0 0 1 0 0 0 1 1 0 0 1 0 2 0 0 0 0 2 1 0 3 1 0 2
1 2 2 2 2 2 2 0 1 2 0 3 0 0 0 1 0 2 0 0 0 0 2 1
2 1 1 0 3 0 0 0 2 0 1 0 0 0 1 1 0 0 0 1 3 0 0 2
0 1 0 0 0 0 0 0 0 0 0 0 1 2 0 1 1 2 2 6 2 0 5 0
5 9 5 3 6 2 5 3 0 1 11 4 2 7 4 2 3 2 3 8 8 11 7 11
5 13 17 13 8 13 13 8 3 13 2 5 2 3 2 3 11 6 7 5 11 3 10 16
1 4 0 1 0 1 0 0 0 0 0 0 1 0 0 2 1 1 2 2 1 2 0 1
1 5 3 0 0 1 2 1 0 0 5 0 0 0 1 0 0 1 1 1 0 1 4 4
0 2 0 1 0 0 0 0 0 0 1 0 1 2 0 1 0 1 1 0 2 1 0 2
0 1 0 0 0 1 0 1 0 0 5 2 0 5 1 0 3 0 1 0 0 0 0 2
4 1 1 0 0 0 2 0 0 0 0 0 0 0 2 0 0 1 0 0 0 0 1 1
1 1 1 0 0 1 1 2 0 0 0 0 1 2 0 0 0 1 0 0 2 1 1 1
1 0 0 1 0 1 1 0 0 0 0 0 0 0 1 0 0 0 0 0 0 1 1 0
1 2 1 1 4 1 1 1 0 1 0 1 0 0 0 2 2 1 3 1 0 0 2 3
35 50 40 43 42 16 33 9 26 6 9 6 15 14 11 15 13 24 21 17 30 23 27 40
13 8 4 3 2 2 2 1 8 0 1 0 0 1 3 2 8 5 2 11 10 4 7 6
0 1 2 1 1 1 0 0 0 0 1 0 1 2 0 1 0 3 1 1 2 1 0 3
2 2 1 1 0 0 3 0 0 2 1 0 1 1 0 1 0 0 0 2 0 0 3 3
8 7 5 2 4 3 6 4 1 3 0 0 1 0 4 3 3 4 2 3 5 7 2 8
0 1 0 0 1 1 0 0 0 0 0 0 0 1 0 0 0 0 1 0 0 0 1 0
2 1 1 0 0 2 0 0 0 0 3 1 1 0 0 0 0 0 0 1 0 1 2 3
0 0 0 0 0 0 0 0 0 0 1 0 0 1 0 0 0 0 0 0 0 0 0 1
2 4 0 0 0 0 0 2 0 0 0 1 1 1 0 0 1 0 2 2 1 2 0 0
1 3 0 0 2 2 0 1 0 0 1 0 1 0 1 0 2 1 0 1 3 2 2 0
0 0 2 1 2 1 0 0 0 0 0 0 0 0 0 0 0 2 0 1 0 1 0 1
1 1 1 1 2 0 1 0 0 0 0 0 3 0 2 0 2 3 2 1 3 3 7 0
0 0 0 0 0 0 0 0 0 0 0 0 1 1 0 0 0 0 0 1 1 0 0 0
2 1 0 0 0 1 0 0 0 1 0 0 0 1 0 0 1 2 1 0 1 1 1 0
3 0 1 1 1 1 1 1 1 0 1 2 0 0 2 0 0 2 1 1 1 3 3 3
26 19 12 17 13 6 39 25 13 9 3 1 3 12 6 8 3 6 12 8 11 5 13 24
1 3 2 0 0 0 0 0 0 0 0 1 2 1 4 0 2 2 4 3 4 0 3 0
6 5 4 3 3 1 0 2 0 1 5 0 1 1 2 0 1 3 2 1 3 2 2 8
16 11 5 8 10 19 34 20 11 12 1 4 1 0 6 9 6 1 6 0 3 8 12 18
1 2 2 2 3 1 7 0 0 0 0 0 0 1 2 0 1 3 0 1 3 2 0 5
0 2 1 1 1 0 3 0 0 0 0 0 0 0 0 0 0 2 5 2 1 0 0 0
0 0 0 0 0 0 0 0 0 0 0 0 0 0 0 0 0 2 0 0 0 0 0 0
0 5 2 0 0 0 0 0 0 0 1 0 0 0 2 0 1 1 1 0 0 1 1 0
3 4 3 2 3 2 1 3 3 1 2 2 1 3 6 1 2 2 8 7 5 4 7 4
0 0 0 0 0 0 0 0 0 0 0 0 0 0 0 0 0 0 1 0 0 0 0 0
2 3 2 1 1 0 1 1 2 1 1 1 1 0 2 1 3 3 3 1 2 5 3 3
0 0 3 5 1 2 0 1 2 5 3 1 1 0 2 3 6 1 3 3 1 1 5 3
1 2 1 1 0 0 0 0 0 0 0 0 0 1 0 1 0 0 0 0 0 0 0 0
0 0 1 0 0 0 1 0 0 0 0 0 2 1 0 0 0 2 1 0 1 0 0 2
4 4 3 4 2 1 0 0 0 3 0 1 1 2 3 4 1 2 4 2 10 7 2 4
10 6 11 4 4 1 12 1 1 2 1 1 3 3 2 4 1 6 5 6 12 4 5 7
0 0 1 1 0 0 0 0 0 0 0 0 0 0 0 0 0 0 0 0 0 0 0 0
4 3 11 1 1 4 3 0 0 2 2 3 0 0 3 1 2 4 4 9 3 8 3 7
0 0 0 0 0 0 0 0 0 0 0 0 0 0 0 0 0 0 0 0 0 0 0 1
1 2 1 2 1 2 2 3 0 1 3 0 0 0 0 1 0 3 2 0 1 0 2 4
0 2 2 0 1 0 0 0 0 0 0 0 0 0 0 0 0 0 0 0 0 0 0 1
0 2 3 2 0 1 0 0 0 0 0 0 0 0 0 0 0 0 2 2 1 0 0 0
1 0 1 0 2 1 0 0 0 0 0 1 2 0 0 0 2 2 4 0 1 2 1 0
14 14 10 10 8 8 9 1 7 4 9 5 6 6 2 1 6 6 12 12 13 9 21 12
0 0 0 0 0 0 0 0 0 0 0 0 0 0 0 0 0 0 0 0 0 0 0 0
5 8 5 2 3 1 0 0 0 1 3 2 3 1 3 1 2 1 6 5 12 4 4 4
1 0 0 0 0 0 0 0 0 0 1 0 1 0 0 1 0 0 0 0 2 2 0 0
0 0 0 0 3 0 1 0 0 0 0 0 1 0 1 0 0 0 0 1 0 0 0 0
1 3 5 3 4 3 4 2 3 2 4 1 3 0 2 4 0 2 1 2 1 1 1 2
1 2 1 4 0 1 2 1 1 1 0 0 0 1 0 1 1 1 3 2 5 4 5 2
0 1 0 0 0 0 0 0 0 0 0 1 1 0 1 1 2 0 3 2 2 1 0 0
0 0 0 1 0 1 1 0 0 0 2 0 0 1 0 1 0 0 1 0 0 0 0 1
0 3 1 2 1 0 0 3 0 0 0 0 0 0 0 0 2 0 0 2 1 4 0 0
0 0 0 1 0 0 0 0 0 0 0 1 0 0 0 0 1 0 0 1 0 1 0 0
19 31 12 14 6 8 2 3 3 2 0 0 2 2 5 8 7 8 7 8 11 9 12 25
2 4 2 3 1 3 1 0 0 1 2 0 1 0 0 0 0 0 2 3 4 1 0 3
4 4 2 0 2 0 0 0 0 0 2 0 3 0 0 1 1 2 1 2 4 1 0 1
6 5 6 6 1 9 6 2 0 1 7 0 1 1 2 3 2 0 0 9 4 8 5 6
17 16 10 10 15 3 3 5 4 4 2 3 4 3 6 13 5 8 10 8 7 10 8 10
0 0 0 2 0 0 0 0 0 0 0 0 0 1 0 0 1 0 2 0 0 1 3 2
0 3 2 4 3 0 1 1 0 0 0 0 0 0 0 0 1 0 0 1 0 0 0 0
16 20 8 16 12 1 5 4 2 6 3 2 3 4 4 6 6 7 8 8 5 9 9 12
0 0 0 0 0 0 0 0 1 0 0 0 0 0 0 1 1 0 1 1 0 0 1 0
0 0 0 0 0 1 0 0 0 0 0 0 0 0 0 0 0 0 0 0 0 0 0 0
1 1 0 0 2 1 4 1 1 0 0 2 2 0 0 2 1 3 3 0 3 2 3 0
27 17 17 15 11 7 8 5 9 4 4 8 7 5 3 14 12 10 9 14 11 13 11 25
1 4 0 0 2 0 2 0 0 1 0 0 0 0 0 1 0 2 2 1 0 0 2 3
2 1 0 2 0 2 0 0 0 0 3 0 1 0 0 0 0 0 0 0 1 2 1 0
3 1 0 2 1 0 2 1 0 0 0 0 1 1 0 0 0 0 1 0 2 0 0 0
0 0 0 0 0 0 0 0 0 0 0 0 0 0 0 0 0 0 0 0 0 0 0 0
0 0 0 0 0 0 0 0 0 0 0 0 0 0 0 0 0 0 0 0 0 0 0 0
0 0 0 1 0 0 0 0 1 0 0 0 1 0 0 0 1 1 1 0 1 0 2 0
2 3 2 0 2 0 0 0 0 0 2 0 2 1 0 1 1 0 0 2 5 1 0 2
2 2 4 1 3 1 1 3 1 1 1 1 0 1 2 0 1 1 1 2 2 3 1 3
0 0 0 0 1 0 0 1 0 0 0 0 0 0 0 0 0 0 0 0 0 0 0 0
0 0 0 0 0 0 0 0 0 0 0 0 0 0 0 0 0 0 0 0 0 0 0 0
3 0 1 1 0 0 1 0 0 0 0 0 0 0 0 0 0 2 0 2 0 0 2 2
0 1 0 0 1 0 0 0 0 0 0 0 0 0 0 0 0 0 0 0 0 0 0 1
2 2 3 4 0 1 1 5 2 1 0 4 2 2 4 1 5 5 4 5 2 4 7 3
3 0 3 3 1 1 1 1 0 2 1 0 0 0 1 0 0 0 1 1 1 2 1 1
1 2 1 0 2 0 0 1 0 0 0 0 0 0 1 2 0 0 2 0 0 2 0 0
1 0 1 2 2 0 0 0 0 0 0 3 0 2 0 1 0 0 1 0 0 2 0 0
1 0 0 0 0 0 0 0 0 0 0 0 0 0 0 0 0 0 0 0 0 1 1 0
2 2 0 0 0 1 0 0 0 0 0 1 0 0 1 0 0 0 0 1 1 0 1 0
0 0 0 0 0 0 0 0 0 0 0 0 0 0 0 0 0 0 0 0 0 0 0 0
5 6 10 5 8 3 3 3 0 0 0 2 2 3 2 2 3 0 2 6 6 2 5 6
2 1 3 4 2 2 0 0 0 0 0 0 0 0 1 0 0 1 1 1 0 0 1 1
6 4 5 3 3 1 9 2 0 2 1 1 2 0 3 1 2 6 2 3 1 5 4 2
2 1 4 0 2 0 1 0 0 1 1 0 0 0 0 0 0 2 3 0 0 0 1 2
4 2 1 0 0 1 0 0 0 0 1 2 0 1 1 2 0 0 1 3 1 0 1 2
1 0 2 2 2 0 0 0 0 0 0 0 0 0 0 0 0 1 0 0 0 1 0 0
1 2 2 0 0 1 1 0 0 0 0 0 0 1 0 1 0 0 1 1 1 1 3 2
5 5 2 8 7 6 6 3 0 1 1 0 2 2 0 1 0 7 5 5 13 2 5 2
1 2 1 0 0 0 0 0 0 0 1 0 0 0 0 0 0 0 0 0 1 0 1 0
1 0 1 0 1 0 0 0 0 0 0 0 0 0 0 0 0 0 0 2 0 0 0 1
2 2 1 0 0 0 3 0 0 0 0 0 1 0 0 1 2 0 1 0 2 1 2 1
1 1 0 0 0 0 4 1 2 0 0 1 0 0 1 0 2 0 1 1 2 2 0 0
23 8 13 6 11 5 13 11 10 6 1 7 8 10 5 6 9 9 7 26 15 16 21 23
0 1 0 0 0 0 0 0 0 0 0 0 0 0 0 0 0 0 0 0 0 0 0 0
0 0 1 0 1 0 0 0 0 1 0 0 0 0 0 0 0 0 0 0 0 0 0 0
6 3 1 0 6 3 7 0 2 1 0 0 0 0 2 1 4 2 3 2 1 0 4 1
0 1 0 0 0 0 0 0 0 0 1 0 1 0 3 1 1 0 0 0 1 1 1 0
1 1 3 1 0 0 0 1 1 0 0 0 0 4 1 1 4 4 1 3 3 2 1 4
0 1 0 0 0 0 1 0 1 0 0 0 0 2 1 2 0 0 0 1 4 3 3 0
3 5 8 3 16 4 6 3 1 2 0 0 1 1 1 2 2 2 5 4 9 4 9 2
2 2 6 3 6 6 5 5 3 5 0 1 1 3 1 5 9 3 3 6 5 3 6 5
7 17 17 17 17 12 15 7 7 8 8 9 1 2 2 2 4 8 9 20 14 6 8 13
2 0 0 0 1 1 0 0 0 0 0 0 3 1 1 0 0 0 0 0 1 0 1 0
0 0 0 1 0 1 1 0 0 0 0 0 0 0 0 0 0 0 1 0 0 0 1 1
2 1 1 1 0 0 1 0 0 0 0 2 0 2 1 1 4 1 0 1 0 2 3 1
2 4 0 2 0 2 1 1 1 0 0 2 1 1 0 0 1 0 5 1 5 1 1 3
1 2 4 7 2 2 5 1 4 0 0 0 0 5 2 1 2 3 0 0 0 0 2 0
0 1 0 1 2 1 1 0 0 0 0 1 2 1 0 1 0 1 0 2 1 1 0 1
2 11 6 5 3 2 18 1 1 1 0 1 15 7 4 11 5 5 15 2 34 5 11 5
1 1 3 2 1 1 1 1 0 6 0 0 0 1 1 0 1 1 1 4 2 2 1 0
0 1 2 1 0 1 3 0 0 1 0 0 0 0 1 0 0 0 1 0 2 2 1 0
1 2 0 4 1 1 2 0 1 0 0 0 0 0 0 1 2 3 0 1 2 2 2 0
0 1 0 0 2 1 2 1 0 0 0 1 1 0 2 1 1 0 1 3 0 0 0 0
0 0 0 0 0 1 0 0 0 0 0 0 0 0 0 0 0 0 0 0 0 1 0 0
1 0 2 1 1 0 2 1 0 1 0 1 1 0 2 1 1 0 0 0 1 1 1 1
2 0 2 2 6 8 2 0 2 6 0 1 0 1 0 1 1 0 1 1 2 3 2 1
0 2 1 2 0 0 0 0 1 0 0 0 0 0 0 0 0 1 5 0 0 0 1 0
1 2 1 4 2 3 5 3 0 1 0 1 1 0 1 1 1 0 0 1 2 1 1 1
2 3 1 2 3 2 4 6 2 1 0 2 1 2 1 10 4 6 6 5 10 2 1 3
0 0 1 0 0 0 1 0 0 1 0 0 0 0 0 0 0 0 0 0 0 0 0 0
7 9 12 4 9 6 5 4 2 4 0 1 2 1 5 2 2 3 5 8 2 4 6 5
0 0 1 1 0 0 1 0 0 1 0 0 1 0 1 1 1 0 2 0 0 2 1 1
4 5 2 1 1 1 2 0 1 0 0 1 2 3 1 0 1 1 0 2 1 1 5 10
2 0 2 0 3 2 2 3 2 0 0 1 1 2 0 3 0 1 1 2 4 1 0 1
2 4 0 1 1 2 6 0 0 0 1 1 2 2 2 2 2 2 6 3 5 5 5 2
0 0 3 0 0 1 1 4 0 3 0 1 0 2 0 0 0 2 2 0 1 0 0 2
2 1 7 2 3 3 0 0 0 1 0 0 0 2 0 2 2 1 0 3 2 1 1 6
1 1 1 3 1 2 1 2 0 0 0 0 0 2 0 1 2 1 0 2 2 1 1 4
2 4 2 2 0 3 0 0 0 0 0 0 1 0 1 1 0 1 1 2 2 0 6 4
2 2 2 0 2 1 0 0 0 1 0 0 2 0 0 1 0 2 1 1 1 3 1 0
0 1 2 1 1 1 2 0 0 0 0 0 1 2 0 1 1 0 1 2 0 1 2 0
0 1 0 0 0 8 3 3 0 8 0 0 0 1 1 0 1 1 0 7 4 0 2 6
0 0 0 0 0 0 0 0 0 0 0 0 0 0 0 0 0 0 0 0 0 0 0 1
3 6 2 3 4 1 3 3 4 1 0 1 0 2 2 4 1 3 3 2 0 6 5 5
1 2 0 1 5 0 0 0 0 7 0 1 1 1 0 1 0 0 1 0 0 0 0 0
0 0 0 0 0 0 0 0 0 0 0 0 0 0 0 0 0 0 0 0 0 0 0 0
0 0 1 2 4 0 1 0 3 2 1 0 0 0 1 1 0 0 2 1 0 1 4 1
0 2 1 0 0 0 1 3 0 0 0 0 0 0 0 0 0 2 0 0 0 1 1 0
3 3 3 1 1 0 0 0 0 0 0 0 0 0 0 1 1 0 0 2 0 0 1 3
2 1 5 4 3 4 2 2 2 6 4 0 0 0 0 1 0 0 0 4 0 1 1 5
0 1 0 1 1 0 1 0 0 1 0 0 0 1 0 0 0 0 0 0 0 0 0 0
19 7 11 19 11 16 7 9 5 7 20 22 28 14 22 10 13 15 22 29 25 38 23 32
1 0 0 1 1 0 0 0 1 1 0 2 4 0 1 0 1 1 0 1 1 3 1 1
1 4 0 1 0 0 0 1 0 0 0 0 0 0 1 2 1 0 1 0 3 1 0 1
2 4 1 1 1 0 0 1 0 0 0 0 1 2 1 0 0 1 1 0 0 1 2 2
0 0 0 0 0 0 0 0 0 0 0 0 0 0 0 0 0 0 0 0 0 0 0 0
1 2 0 0 0 0 1 2 1 1 0 0 0 0 0 0 0 0 0 0 0 0 2 0
10 11 4 8 3 6 7 6 2 1 3 3 4 6 4 3 6 8 3 7 8 10 5 9
0 0 0 0 1 0 0 0 0 0 0 0 1 0 1 0 1 1 2 0 1 2 3 1
21 12 8 10 5 4 8 9 2 5 2 1 3 6 9 6 5 8 7 8 9 15 10 12
1 4 0 0 1 0 1 2 1 1 0 0 1 0 0 0 0 2 0 0 1 1 1 0
1 0 3 0 2 0 0 0 0 0 0 0 0 1 1 0 2 0 1 1 3 0 0 0
1 0 2 1 0 0 1 0 0 4 0 1 1 0 1 0 1 2 0 0 1 2 2 1
2 6 3 1 3 2 0 1 1 1 6 7 1 1 1 1 3 0 2 0 2 1 1 3
1 1 1 2 1 2 0 0 2 0 0 0 0 0 0 0 1 5 0 2 2 1 0 2
0 0 0 0 0 0 0 0 0 0 0 0 0 0 0 0 0 0 0 0 0 0 0 0
0 0 0 0 0 0 0 0 0 0 0 0 0 0 0 0 0 0 0 0 0 0 0 0
1 1 1 3 1 2 0 0 2 0 0 0 0 0 2 0 1 3 0 2 2 1 1 3
0 0 0 1 0 0 0 0 0 0 0 0 0 0 0 0 0 0 0 0 0 0 2 0
0 0 0 1 2 0 0 0 0 0 0 0 1 0 0 1 1 0 1 0 1 0 0 0
1 1 1 1 0 0 0 0 0 1 0 0 0 0 0 0 0 0 0 1 1 0 1 1
0 0 0 1 0 0 0 0 0 0 0 0 0 0 0 0 0 0 0 0 0 0 0 0
5 6 10 1 6 8 2 3 3 3 6 7 2 3 0 4 1 3 5 2 3 7 7 3
1 3 2 4 6 1 1 0 0 1 2 0 1 2 1 2 0 2 3 1 2 0 4 3
0 1 1 1 1 0 0 0 0 1 0 0 0 1 1 0 1 0 1 1 1 0 0 1
0 1 1 0 1 3 0 0 0 1 1 1 0 0 0 1 0 1 0 1 3 1 1 1
0 0 1 1 0 0 0 0 0 0 0 1 1 0 0 0 0 0 0 1 1 0 0 1
0 1 1 2 2 1 0 2 0 0 0 0 2 0 0 0 0 0 1 0 0 0 0 1
0 1 0 0 0 0 1 0 0 0 0 0 0 1 0 0 0 0 0 0 0 0 0 1
0 0 0 0 0 0 0 0 0 0 0 0 0 0 0 0 0 0 0 0 0 0 0 0
0 1 1 0 1 1 0 0 0 1 0 2 0 0 0 1 1 1 1 0 0 1 0 0
1 5 0 0 1 2 0 1 1 0 0 0 2 0 0 1 0 2 0 2 4 2 2 1
0 0 1 1 0 0 1 0 0 1 0 0 0 0 3 0 0 0 0 1 0 0 0 1
2 1 0 0 2 0 0 0 0 0 0 1 1 0 3 0 1 1 0 2 2 4 0 0
2 2 4 0 1 2 2 3 0 0 1 1 2 3 2 3 2 1 3 5 3 5 4 8
1 0 0 0 0 0 0 0 1 0 0 0 2 0 1 1 1 0 0 0 0 0 1 1
1 1 2 0 0 2 0 1 0 2 3 2 1 0 1 1 4 1 1 0 2 2 1 1
2 2 3 3 2 3 1 6 2 1 1 2 4 1 1 5 1 1 4 2 2 2 2 6
0 0 0 0 1 0 0 0 0 0 0 2 0 1 1 1 1 0 0 0 1 0 0 0
4 0 0 0 1 1 1 0 1 1 1 0 1 0 0 1 4 0 1 0 0 0 0 0
3 1 2 0 1 2 0 0 0 0 0 0 0 0 0 2 0 0 0 0 1 1 0 0
0 0 0 0 0 1 0 0 0 2 2 0 0 0 0 0 0 0 0 0 0 2 0 0
0 1 1 0 0 2 2 1 3 6 2 5 0 0 1 0 2 2 0 0 2 7 0 0
10 2 3 1 0 1 0 4 1 1 1 2 1 0 3 4 1 2 0 1 1 3 5 1
0 0 2 0 0 4 2 0 1 7 7 6 1 0 1 0 2 3 0 0 3 8 1 1
0 2 1 1 0 0 0 1 0 0 0 0 0 0 1 5 1 1 0 2 0 0 2 1
1 2 0 0 0 1 0 0 1 0 0 0 0 1 0 0 0 1 0 0 0 0 0 0
1 0 0 0 1 0 2 0 1 0 0 0 0 0 2 0 0 0 0 1 0 1 0 2
0 0 0 0 0 0 1 0 0 2 1 0 0 1 0 0 2 0 0 1 0 0 0 0
0 0 0 1 1 0 0 0 0 0 0 0 0 0 0 0 0 0 0 0 0 0 0 0
2 1 2 1 1 0 0 0 1 0 0 0 0 0 1 3 0 0 0 1 0 0 1 1
0 0 0 1 1 0 0 1 0 0 0 0 1 1 0 0 0 0 0 0 1 0 0 0
0 0 0 1 0 0 0 0 0 0 0 0 0 0 0 0 0 0 0 1 1 1 2 0
1 0 1 0 0 0 0 0 0 0 0 0 0 0 0 1 0 0 0 0 0 0 0 1
0 0 0 0 0 0 0 0 1 3 0 0 0 0 0 0 2 0 0 1 0 0 1 1
1 0 2 1 3 2 0 0 0 0 0 0 0 0 0 0 3 1 0 1 0 0 0 1
0 0 1 1 1 1 1 0 0 0 0 0 0 0 0 0 2 0 0 0 0 0 1 0
2 1 1 1 2 1 2 0 0 0 0 0 0 1 0 2 0 2 2 2 3 1 0 4
0 1 0 0 0 0 0 0 0 0 0 0 0 0 0 1 1 1 0 0 0 0 0 0
4 6 2 1 1 2 0 0 0 1 0 1 0 0 2 0 2 0 2 2 1 2 0 2
1 0 0 1 1 1 1 0 1 0 0 1 0 0 0 1 2 1 1 2 0 3 0 2
0 0 0 5 2 1 0 0 1 1 0 0 0 0 0 0 0 0 0 0 0 1 0 1
