0 1 0 0 3 0 2 4 0 2 0 0 0 0 0 0 0 1 1 0 0 2 0 1
0 0 0 0 0 0 0 0 0 0 0 0 0 0 0 0 0 0 0 0 0 1 2 0
0 0 0 0 0 0 0 0 0 0 0 0 0 0 0 0 1 1 0 0 0 0 0 0
0 1 1 0 1 0 0 2 3 0 0 0 0 0 0 0 0 0 0 0 0 1 2 0
0 0 0 0 0 0 0 0 0 0 0 0 0 0 0 0 0 0 0 0 0 0 0 0
0 0 0 0 0 0 0 0 0 0 0 0 0 0 0 0 0 0 0 0 0 0 0 0
0 0 0 0 0 0 0 0 0 0 0 0 0 0 0 0 0 0 0 0 0 0 0 0
0 0 0 0 0 0 0 0 0 0 0 0 0 0 0 0 0 0 0 0 0 0 0 0
0 0 0 0 0 0 0 0 0 0 0 0 0 0 0 0 0 0 1 0 0 0 0 0
0 0 0 0 0 0 0 0 0 0 0 0 0 0 0 0 0 0 0 0 0 0 0 0
3 0 0 1 0 0 2 0 1 0 0 0 0 0 0 0 2 0 0 0 1 1 0 1
0 1 3 0 1 1 0 0 0 0 0 0 0 0 0 0 1 0 1 0 0 0 0 0
0 1 0 0 0 0 0 0 0 0 0 1 0 0 0 0 0 1 0 0 0 1 1 1
0 0 0 0 0 0 0 0 0 0 0 0 0 0 0 0 0 0 0 0 0 0 0 0
0 0 0 0 0 0 0 1 0 0 0 0 0 1 0 0 0 0 1 0 0 0 0 0
1 2 2 1 1 0 0 0 0 0 0 0 0 1 2 0 0 2 4 5 1 2 2 7
0 0 0 0 0 0 0 0 0 0 0 0 0 1 1 0 0 1 1 0 0 0 0 0
0 0 0 0 0 0 0 0 0 0 0 0 0 0 0 0 0 0 0 0 0 0 0 0
0 1 0 0 0 0 0 0 0 0 0 0 0 0 0 0 0 0 0 0 1 0 0 2
0 0 0 0 0 0 0 0 0 0 0 0 0 0 0 0 0 2 0 0 0 1 0 0
0 0 0 0 0 0 1 0 0 0 0 0 0 1 0 0 0 0 0 0 1 0 0 2
0 0 0 0 0 0 0 0 0 0 0 0 0 0 0 0 0 0 0 0 0 0 0 0
0 0 0 1 1 0 1 0 0 0 0 0 0 0 0 0 0 0 0 0 0 0 0 0
0 0 9 0 0 0 0 0 0 0 0 0 0 0 0 0 0 0 0 0 0 0 0 0
0 1 1 0 0 0 0 0 0 2 0 0 0 0 0 1 0 0 1 0 0 0 0 0
0 0 0 0 0 0 0 0 0 0 0 0 0 0 0 0 0 1 0 0 0 1 0 0
0 0 0 0 0 0 0 0 0 0 0 0 0 0 0 1 2 0 0 0 0 0 0 0
2 0 1 1 0 0 0 0 0 0 0 0 0 0 0 1 2 1 1 0 0 2 1 0
0 0 0 0 0 0 0 0 0 0 0 0 0 0 0 0 0 0 0 0 0 1 0 1
0 0 2 0 0 1 0 0 0 0 0 0 0 0 0 0 0 0 0 2 0 0 1 2
1 0 0 0 0 0 0 0 0 0 0 0 0 0 0 0 0 0 0 1 0 0 0 0
0 0 0 0 0 0 0 0 0 0 0 0 0 0 0 0 0 0 0 0 0 0 0 0
0 0 0 0 0 0 0 0 0 0 0 0 0 0 0 0 0 0 0 0 0 0 0 0
1 0 0 0 0 0 0 0 0 0 0 0 0 0 0 0 0 0 0 0 0 0 0 0
4 6 3 3 4 3 1 5 0 0 3 1 0 2 2 1 2 19 7 2 3 6 4 9
3 1 2 1 0 0 0 2 0 0 0 0 3 0 2 0 1 1 3 4 1 1 0 3
0 0 1 0 0 0 0 0 0 0 0 0 0 1 0 0 0 0 1 0 0 0 0 0
2 1 0 0 0 0 0 0 0 0 0 1 0 2 0 1 4 1 1 0 0 1 1 1
0 0 0 0 0 0 1 0 0 0 0 0 0 0 0 0 0 0 0 0 0 0 0 0
0 1 0 1 4 0 0 0 0 0 1 0 0 0 0 1 1 1 1 1 0 0 0 0
0 1 0 0 3 0 0 0 0 0 0 0 0 1 0 0 1 0 0 0 2 1 0 0
1 2 0 0 2 0 0 0 0 0 0 0 0 0 0 0 1 0 0 0 1 1 2 2
0 0 1 0 0 0 0 0 0 0 0 0 0 1 0 0 2 1 3 1 0 1 0 0
2 4 1 1 1 0 0 1 1 0 1 1 1 1 0 2 1 0 2 2 0 2 0 0
2 4 0 1 2 0 0 3 2 1 1 0 0 0 0 2 0 1 0 1 3 0 1 2
0 0 0 0 0 0 0 0 0 0 0 0 0 0 0 0 0 0 0 0 0 1 0 0
0 1 0 1 0 0 0 0 0 0 0 0 0 0 1 0 0 0 0 0 0 1 2 0
0 1 0 0 0 0 0 0 1 0 0 0 0 0 0 1 0 0 0 0 0 0 0 0
4 4 0 1 0 0 0 2 0 1 0 1 0 0 0 2 1 1 6 2 4 0 2 2
0 0 0 1 0 0 0 0 0 0 0 1 0 1 0 1 2 0 0 0 0 1 0 0
0 0 0 1 0 0 0 0 0 0 0 1 0 0 0 0 0 0 0 0 0 0 0 1
0 1 0 0 0 0 0 0 0 0 0 0 0 0 0 1 0 0 0 0 1 1 0 1
1 2 1 0 0 0 1 0 0 0 0 0 0 0 0 0 1 0 2 0 1 1 0 0
3 3 3 1 1 13 1 0 0 0 0 0 3 0 0 2 2 7 1 2 0 10 3 4
0 0 1 0 0 0 2 0 0 0 0 0 0 0 0 0 0 1 0 0 1 0 0 0
0 0 0 0 0 1 0 0 0 0 0 0 0 0 0 4 1 2 0 0 1 0 1 0
0 1 2 0 0 1 1 0 0 0 1 1 0 0 0 4 0 0 0 2 1 0 2 13
0 0 1 1 0 0 1 0 0 0 0 0 0 0 0 1 2 2 0 1 1 0 1 0
0 0 0 0 1 1 1 0 0 0 1 1 0 0 0 1 0 0 0 1 0 0 0 8
1 0 1 2 0 0 0 0 0 0 0 0 0 0 0 0 0 1 0 0 0 0 0 1
2 5 3 6 2 4 2 5 2 14 1 0 14 0 1 2 3 3 1 18 3 5 3 22
1 0 1 0 0 0 0 0 0 1 0 0 1 0 0 1 3 0 0 2 1 1 0 4
0 0 0 0 0 0 0 0 0 0 0 0 0 0 0 1 1 1 0 1 0 0 0 0
1 2 0 3 1 0 0 1 0 4 0 0 4 0 0 2 1 0 1 7 4 2 1 5
2 2 0 2 1 0 0 1 0 0 0 1 0 0 4 2 1 0 0 1 3 0 4 3
0 0 2 0 0 0 0 0 0 0 0 0 0 0 1 0 0 0 0 1 0 0 0 0
0 0 0 0 1 0 0 0 0 0 0 0 0 0 0 1 1 2 0 0 0 0 0 0
0 2 1 0 0 0 0 0 0 0 0 0 0 0 0 0 1 0 1 1 0 0 0 0
0 1 0 0 0 0 0 0 0 0 0 0 0 0 0 0 0 0 0 1 0 0 0 0
0 3 2 0 1 0 1 0 0 0 0 0 0 0 2 0 3 2 0 1 1 2 0 0
0 0 0 0 0 0 0 0 0 0 0 0 0 0 0 0 0 0 0 0 0 0 0 0
1 0 0 1 0 0 0 0 0 0 0 0 0 0 1 0 0 1 0 0 0 0 1 0
0 2 1 1 1 0 0 0 0 0 0 0 0 0 0 3 0 1 0 1 0 0 0 1
0 0 0 0 0 0 0 0 0 0 0 0 0 0 1 0 0 0 0 0 0 0 0 0
1 2 0 0 0 0 0 0 0 0 0 0 0 0 1 0 3 2 1 5 1 1 0 2
1 0 0 3 1 2 2 3 1 0 0 0 1 0 0 0 2 1 0 0 0 0 1 1
0 0 1 0 2 0 1 0 1 0 1 0 0 0 1 2 0 0 2 0 0 0 1 0
0 0 2 0 0 0 0 0 0 0 0 0 0 0 1 0 0 0 0 0 0 0 0 0
2 1 0 1 3 1 1 0 1 0 0 1 1 2 0 1 2 3 1 0 3 0 1 2
0 1 1 0 0 1 0 0 0 0 0 0 0 0 0 0 0 0 1 0 0 0 0 1
2 2 3 2 2 1 0 0 0 0 0 1 0 2 1 3 1 2 1 2 0 4 5 2
0 0 0 0 0 0 0 0 0 0 0 0 0 0 0 0 0 0 0 0 0 0 0 1
3 3 0 0 0 1 0 1 0 0 0 0 0 0 0 0 0 0 1 3 1 1 1 1
0 0 0 0 2 0 0 0 0 0 0 0 0 0 0 1 0 0 0 0 0 0 0 0
0 0 0 0 0 0 0 0 0 0 0 0 0 0 0 1 0 0 0 0 0 1 0 0
0 0 0 0 1 0 0 0 0 0 0 0 0 0 0 2 0 0 0 0 0 0 0 0
1 1 0 0 0 0 0 0 0 0 0 0 0 2 0 1 1 1 0 0 0 0 1 0
0 0 0 0 0 0 0 0 0 0 0 0 0 0 0 1 0 0 0 0 0 0 0 0
13 6 11 6 8 2 3 2 3 2 3 4 0 4 0 3 5 3 5 9 0 6 9 7
5 5 4 2 3 0 2 1 2 2 0 0 2 1 3 3 8 1 4 4 3 4 4 4
0 0 0 0 0 0 0 0 0 0 0 0 0 0 0 0 0 0 0 0 0 0 0 0
0 0 0 0 0 0 0 0 0 0 0 0 0 0 0 0 0 0 0 0 0 0 0 0
6 2 5 3 4 1 3 0 2 0 0 0 1 0 0 4 0 4 9 5 1 3 4 7
2 0 2 2 1 1 2 0 0 0 0 0 1 0 1 0 1 0 0 0 1 1 1 0
0 1 0 1 0 0 0 0 0 0 1 0 0 0 0 1 0 1 2 0 0 0 1 1
0 0 0 1 0 0 0 0 0 0 0 0 0 0 0 0 0 0 0 0 0 0 1 0
2 6 3 2 4 1 1 0 1 0 0 0 0 0 0 0 4 1 1 4 1 0 1 0
0 6 9 1 3 3 2 4 2 1 0 0 0 0 1 2 6 2 3 5 4 2 1 1
0 2 1 1 0 0 0 0 0 0 0 0 0 0 0 0 0 1 0 0 0 1 0 0
1 1 2 0 1 0 0 2 1 0 0 0 1 0 0 0 1 2 0 0 3 1 0 0
6 3 1 2 3 1 1 0 1 1 1 1 0 1 0 3 1 4 4 2 1 2 3 2
0 0 3 0 0 0 0 1 0 0 0 0 2 0 0 2 0 0 0 1 0 0 0 1
13 9 17 7 9 11 5 6 2 3 6 3 8 1 3 12 7 14 14 8 17 10 6 10
1 1 1 1 0 0 0 1 0 0 0 0 0 0 0 0 1 0 2 0 1 1 1 1
2 1 3 1 2 0 0 0 2 1 1 0 1 0 0 2 2 1 3 2 3 0 1 0
1 2 0 0 0 0 0 3 1 0 0 1 0 0 0 2 0 1 4 1 1 0 0 2
0 0 0 0 0 0 0 0 0 0 0 0 1 0 0 0 0 0 0 0 0 0 0 0
2 2 1 0 0 1 0 0 0 1 0 0 1 0 0 0 0 1 1 0 0 0 2 0
91 60 74 72 40 54 53 33 16 16 20 14 17 21 12 28 28 40 31 36 40 35 49 61
4 2 4 1 1 1 0 1 1 0 0 0 1 3 2 2 2 3 1 5 3 1 4 4
65 44 57 54 50 43 38 21 18 8 10 9 18 16 13 19 18 14 19 22 19 16 22 36
5 1 1 3 4 0 2 1 0 1 0 0 0 0 0 0 0 0 2 0 0 3 5 3
38 29 27 30 23 29 15 23 13 12 10 9 6 11 9 21 10 14 10 19 12 15 26 26
2 2 1 1 0 0 0 1 1 0 0 1 0 0 1 1 1 0 1 2 3 0 1 1
14 11 10 10 6 6 4 4 1 5 4 3 3 3 2 5 5 6 3 1 3 0 4 12
8 3 13 7 8 3 6 4 2 2 3 0 11 3 0 4 1 3 4 5 3 1 4 7
87 111 103 82 73 75 42 66 71 57 38 47 35 42 37 40 58 69 66 64 47 56 52 64
0 1 0 1 1 0 0 1 1 0 0 0 0 0 0 0 0 1 1 0 0 1 0 3
26 19 22 18 20 23 9 19 9 11 10 9 9 8 6 10 11 11 18 8 11 10 14 25
8 6 4 4 14 6 11 9 1 2 1 1 0 2 0 0 2 2 2 3 4 5 6 7
14 9 11 6 13 27 17 6 5 5 6 15 10 26 20 11 9 2 5 11 5 7 9 8
22 13 19 22 23 10 11 12 9 5 5 8 6 3 5 7 19 16 19 10 14 13 9 18
60 72 74 65 45 50 48 46 32 34 14 11 14 18 20 15 31 29 27 28 26 42 44 55
7 10 7 10 7 2 2 8 6 1 3 3 1 1 5 2 4 1 4 4 2 4 0 7
3 0 1 0 3 2 2 1 0 0 1 0 0 0 0 1 1 3 0 0 2 1 2 1
34 33 36 34 23 17 27 23 15 17 10 9 7 10 14 12 19 18 17 24 18 21 13 26
5 6 4 3 10 4 4 11 4 2 1 2 3 0 5 4 4 5 7 6 8 5 8 7
3 4 3 2 7 6 6 0 4 2 3 4 2 3 1 3 1 1 0 4 2 1 1 3
9 14 10 8 9 8 11 12 3 2 0 5 8 3 4 1 9 4 3 7 5 7 15 7
8 13 7 9 5 4 1 4 5 2 2 4 2 4 7 5 4 1 5 4 3 6 6 3
66 58 62 70 41 42 40 36 53 31 22 18 15 23 25 28 33 35 52 42 37 60 41 59
4 11 8 7 5 5 8 5 4 1 2 0 7 3 1 2 3 8 10 7 4 7 4 11
34 42 38 27 17 10 15 21 20 12 7 10 7 9 11 15 12 27 32 19 16 21 20 22
46 61 59 50 48 29 22 50 31 38 28 24 15 24 24 34 32 43 58 43 36 49 46 45
50 54 42 39 33 33 19 23 29 16 27 12 22 13 21 11 21 25 26 30 40 40 25 34
2 0 1 0 1 4 3 7 1 1 0 0 0 2 0 1 0 1 0 1 2 2 0 2
0 0 1 1 0 0 0 0 0 0 0 0 2 0 0 0 1 0 1 0 1 0 0 0
15 15 16 8 11 15 15 14 3 2 1 10 2 9 10 5 4 10 10 13 8 7 36 25
6 17 17 15 9 16 19 21 4 6 1 0 2 2 2 2 9 5 8 11 10 6 15 22
45 46 27 24 38 20 16 15 19 8 4 30 8 6 15 18 16 27 36 39 24 35 45 48
13 6 8 3 4 2 8 5 6 2 1 2 3 10 1 2 11 2 3 8 3 1 9 8
11 9 14 11 3 3 5 3 1 1 1 1 1 7 5 6 7 9 14 12 17 6 9 12
82 70 102 84 54 64 38 58 50 52 49 33 32 32 26 43 29 65 78 51 54 45 58 68
0 2 1 0 3 2 1 0 2 1 0 0 2 0 1 1 2 1 0 1 1 1 3 1
64 63 84 76 92 63 51 65 32 10 16 6 13 15 15 20 28 27 48 47 39 44 58 62
59 67 58 50 27 23 31 26 27 19 25 13 24 14 32 25 32 19 34 36 47 44 33 46
0 0 0 1 0 1 1 0 0 0 0 0 1 0 0 0 0 0 0 0 0 0 0 0
193 238 213 172 172 178 128 158 113 90 79 49 62 54 81 80 76 96 120 121 145 138 138 164
3 1 2 1 0 2 1 1 0 0 0 0 3 0 1 0 1 3 2 1 1 1 1 1
2 3 1 3 5 1 1 1 2 0 0 3 0 0 1 2 6 11 7 6 4 3 3 5
31 32 42 24 13 23 16 18 19 8 15 12 9 9 16 27 31 26 36 24 16 23 30 38
0 0 0 0 0 0 0 0 0 0 1 0 0 0 1 0 0 0 1 0 1 0 0 0
12 15 13 10 16 10 20 8 10 5 7 11 5 6 6 8 7 9 11 9 7 15 16 10
61 48 43 43 38 42 37 49 21 25 10 22 10 8 17 14 11 24 33 32 27 40 26 45
0 2 0 0 0 1 2 0 1 0 1 0 3 2 0 0 1 1 0 2 1 1 0 1
27 27 25 24 20 18 27 42 18 23 13 20 11 11 17 13 11 16 17 16 17 31 27 30
0 2 1 0 1 1 0 0 0 0 0 1 1 0 0 0 0 1 2 0 0 2 2 1
1 2 1 1 0 0 1 0 0 0 0 0 0 0 1 1 1 0 1 0 1 0 2 3
2 1 6 6 3 2 2 2 0 0 0 0 1 1 0 2 4 2 3 3 1 7 2 3
14 8 5 6 7 3 6 5 3 0 3 5 4 3 12 11 9 11 4 4 12 6 7 9
49 39 41 30 21 14 29 18 22 11 9 7 13 11 11 13 20 22 27 21 23 27 33 27
6 6 9 3 2 4 3 2 0 2 1 2 4 1 1 1 0 0 2 0 2 1 3 1
22 27 17 15 16 13 9 8 9 6 5 5 4 9 19 8 16 23 17 18 9 17 16 15
3 2 0 3 1 1 3 4 1 1 1 0 2 1 3 2 1 0 0 1 0 1 2 2
78 83 80 93 99 58 93 75 66 30 26 23 22 21 18 26 28 51 70 61 51 57 67 69
0 2 1 0 1 0 1 1 0 0 0 0 0 2 2 1 1 3 1 0 2 0 2 1
21 24 20 13 16 19 14 30 12 5 8 11 20 3 6 5 6 4 9 8 10 12 16 13
84 85 76 57 77 90 76 81 45 32 31 27 53 35 28 30 37 27 33 32 51 74 58 67
0 1 1 0 1 1 1 1 0 0 0 0 0 1 2 0 0 3 1 1 0 2 5 0
82 99 78 74 53 42 42 48 38 35 29 13 15 24 29 37 64 75 60 68 52 53 86 95
0 0 1 0 0 0 0 0 1 0 0 9 2 0 0 0 0 2 0 0 1 1 0 0
42 60 62 69 54 52 60 47 27 19 27 39 15 15 15 21 26 24 17 22 36 34 41 30
129 138 156 125 98 121 83 70 70 72 46 31 34 31 36 46 39 56 66 86 84 78 83 104
17 15 16 12 11 7 5 8 6 4 6 6 2 4 5 8 5 9 7 19 12 5 8 6
2 0 1 1 0 1 0 0 0 1 0 0 0 0 1 1 0 0 0 1 0 0 0 1
51 45 36 41 37 26 61 14 21 21 23 17 23 19 14 15 23 22 26 21 23 30 30 23
11 10 14 15 16 13 4 9 11 9 3 15 6 2 8 5 10 15 10 16 8 17 13 31
40 41 27 38 31 21 26 17 14 8 15 11 19 32 10 15 15 12 14 11 18 36 21 18
1 0 1 2 0 0 0 0 0 0 0 0 0 0 0 0 0 1 1 1 1 0 0 1
0 0 1 1 0 1 0 1 0 1 0 0 1 1 1 1 0 2 2 1 0 2 2 3
63 71 93 71 55 33 49 52 48 29 42 29 24 20 23 30 35 32 41 50 50 53 55 74
4 0 6 5 0 4 1 1 1 0 0 0 0 0 2 1 3 1 1 4 3 3 2 2
16 14 7 7 14 6 6 6 7 4 3 3 4 5 7 2 12 8 9 8 14 6 9 21
7 6 2 3 5 4 3 4 4 1 2 1 1 2 3 3 4 2 4 2 15 10 7 6
0 0 0 0 0 0 0 0 0 0 0 0 0 0 0 0 0 0 0 1 0 0 0 0
20 12 10 3 13 12 8 27 7 4 4 4 4 4 2 4 7 8 9 9 13 9 4 15
27 41 34 39 28 32 25 24 27 23 15 19 19 16 14 15 16 23 21 35 27 19 24 50
2 0 0 1 2 3 0 1 2 1 1 2 0 1 5 0 1 1 2 2 1 3 2 1
1 0 2 1 2 0 0 0 0 0 0 0 0 2 1 1 0 0 0 0 2 0 2 0
42 67 70 79 89 56 58 48 23 21 14 23 24 11 10 11 20 15 23 24 25 31 46 42
15 5 5 8 9 7 17 6 4 9 5 1 7 4 4 4 1 3 2 1 2 2 1 10
31 29 27 30 22 17 17 20 11 11 8 13 7 15 11 19 24 16 23 28 26 30 24 35
30 33 24 35 17 24 13 16 9 8 10 9 5 9 7 12 6 12 17 12 21 25 20 21
87 102 111 88 88 69 67 78 72 44 55 36 32 47 34 21 43 42 52 76 48 57 63 84
32 27 22 38 29 19 24 14 22 9 16 7 9 11 18 16 22 22 28 37 19 27 20 34
3 3 1 3 4 2 6 1 1 0 0 0 0 1 0 2 0 0 3 2 2 0 2 1
127 138 128 125 120 124 80 112 96 91 60 50 49 56 43 88 44 68 77 65 77 98 85 98
0 0 0 0 0 1 0 0 0 0 0 0 0 0 2 0 0 1 0 0 0 0 0 0
5 2 1 1 2 0 1 0 0 2 0 0 1 1 1 1 2 0 1 0 1 0 4 2
104 155 160 122 98 81 69 78 82 74 62 52 44 51 41 69 48 74 67 59 70 78 91 84
67 93 83 79 78 69 53 65 53 46 32 26 24 26 19 27 45 42 37 37 43 57 54 71
27 55 33 37 25 20 22 30 32 21 11 9 15 9 8 19 17 15 22 31 19 24 21 32
1 5 1 1 0 1 1 0 1 0 0 1 0 0 0 0 0 1 0 1 0 0 0 3
66 51 52 59 59 41 45 22 26 15 15 20 16 7 14 11 15 15 22 49 34 37 41 62
21 24 14 22 18 8 12 8 10 13 8 5 7 6 14 12 22 19 20 16 18 15 29 24
76 74 100 99 80 67 62 60 48 47 41 52 43 45 32 51 54 51 71 64 66 59 65 82
1 2 0 1 0 0 0 0 0 0 0 1 0 0 2 0 0 1 1 1 0 2 0 3
28 38 31 28 16 13 16 9 18 14 23 12 12 9 11 10 20 23 21 13 25 18 19 16
0 0 1 0 0 0 1 2 0 0 0 0 0 0 1 0 0 3 1 0 0 1 1 0
154 153 176 171 124 160 115 150 79 53 54 69 57 50 35 45 48 52 64 67 78 82 71 111
91 139 127 124 148 109 144 186 117 94 92 97 49 30 34 25 42 22 33 51 40 56 101 98
0 1 0 1 0 0 0 0 1 1 0 0 0 0 0 0 0 0 0 0 1 0 2 0
73 77 86 61 40 49 34 34 32 25 16 20 9 15 18 38 46 56 50 59 54 67 62 71
22 38 21 17 17 13 34 20 25 3 18 6 5 7 9 6 11 11 8 8 6 12 8 17
149 157 162 171 154 110 92 108 128 102 103 78 81 94 76 86 134 132 152 121 119 111 134 138
16 27 31 13 9 9 11 7 2 4 7 5 8 11 11 18 29 22 26 7 13 21 20 32
83 72 77 80 83 64 63 53 46 21 22 24 17 18 31 21 17 29 25 45 29 41 55 44
18 10 13 12 10 11 9 8 10 8 4 4 6 10 10 9 12 9 6 14 16 13 12 10
0 0 1 0 1 1 1 2 2 1 1 1 0 2 0 0 0 0 2 0 1 1 0 2
1 1 0 4 2 0 0 1 2 3 0 0 0 2 2 2 1 2 4 2 0 5 0 2
11 19 14 18 7 10 6 9 11 8 6 4 2 6 6 8 12 19 11 16 10 10 11 20
110 152 173 146 163 110 143 171 130 88 67 94 67 45 47 48 58 48 48 45 50 67 119 104
51 57 53 52 38 42 38 44 29 21 21 10 13 40 15 25 27 20 33 43 27 33 32 48
1 1 2 1 0 0 0 1 0 0 0 1 1 0 0 0 0 0 3 0 2 1 0 1
44 68 53 59 56 35 39 26 45 20 33 12 19 13 18 23 15 23 16 20 22 24 26 47
4 2 1 1 0 0 0 1 0 2 0 0 2 3 2 0 0 0 0 1 0 1 1 3
1 1 1 1 0 1 0 2 1 1 0 0 0 0 0 0 0 0 0 0 1 0 0 0
1 0 3 1 1 0 0 0 0 1 0 0 0 0 1 0 0 0 1 1 0 0 0 0
17 9 19 13 13 11 11 17 8 3 6 4 2 12 12 23 17 19 14 12 11 15 17 10
3 3 2 4 2 2 3 4 3 0 1 2 0 0 0 3 1 1 0 3 2 3 4 2
203 161 177 186 219 168 206 148 92 102 66 77 47 60 57 91 72 79 60 83 74 124 137 209
1 5 1 2 1 0 2 1 0 1 0 0 0 0 0 2 0 2 1 0 0 0 1 3
10 32 17 25 16 15 13 9 13 13 9 7 6 22 7 16 15 12 18 22 24 21 34 28
1 0 0 0 0 0 1 1 0 0 0 0 1 0 0 0 1 1 0 0 0 2 1 2
29 52 28 39 32 37 29 23 22 12 15 6 6 10 9 12 21 16 27 39 18 19 39 30
0 0 0 0 0 0 0 0 0 0 0 0 0 0 0 0 0 0 0 0 0 0 0 0
28 29 41 30 22 29 15 9 13 12 11 6 8 30 17 17 16 11 13 26 12 17 17 26
0 0 1 1 0 0 0 0 0 0 0 0 0 0 0 0 0 0 0 0 0 0 0 0
74 50 59 63 45 34 28 25 40 30 23 15 19 19 28 33 46 51 47 46 49 47 39 57
3 5 4 2 1 2 3 0 1 1 1 2 1 3 2 7 11 8 4 0 4 3 3 3
9 16 6 7 10 2 10 3 13 1 5 6 5 0 6 6 3 6 8 8 14 8 6 3
0 0 0 2 0 1 1 2 1 2 0 0 0 1 1 0 1 0 0 0 0 0 3 0
4 4 4 5 4 4 7 2 5 3 2 0 3 2 2 2 1 3 0 6 4 5 4 5
1 1 0 0 2 0 1 2 0 1 1 1 1 1 2 2 2 0 1 1 1 2 11 1
0 0 1 0 0 0 0 0 0 0 0 0 0 0 0 0 0 0 0 0 0 0 0 0
77 81 71 53 47 51 25 26 42 10 33 15 15 10 24 29 41 37 44 47 49 41 59 57
55 67 65 66 50 55 43 24 35 6 10 26 21 15 4 20 18 13 41 16 20 42 46 54
0 4 1 3 4 3 7 1 5 2 1 3 0 0 10 3 0 0 1 1 1 0 2 0
29 21 27 24 32 20 13 17 12 9 8 5 4 12 5 12 16 18 14 14 15 22 16 15
0 1 2 1 1 2 1 1 0 0 1 0 0 0 1 0 0 2 1 0 2 1 2 0
12 21 18 8 8 18 8 9 7 6 2 1 1 5 7 10 21 15 13 10 15 17 24 18
3 0 0 0 1 0 0 0 0 0 0 0 0 0 1 0 0 0 0 0 0 1 0 0
0 1 1 0 0 0 0 0 0 0 0 0 0 1 0 0 0 0 0 0 0 0 0 0
16 12 30 24 12 16 12 6 7 11 6 7 3 8 1 8 7 7 1 5 11 11 7 18
4 12 5 9 9 5 1 5 2 5 3 2 3 3 2 8 3 5 5 7 7 4 3 3
1 2 0 1 2 0 0 1 0 1 0 1 1 1 1 0 3 0 0 1 0 0 3 1
2 1 2 0 0 2 0 0 0 0 1 1 0 0 2 1 1 4 0 1 1 2 1 0
3 8 4 0 12 3 1 1 0 1 2 2 0 1 2 3 3 4 3 3 5 4 4 6
2 2 0 0 2 0 0 2 2 1 0 1 2 0 1 0 0 2 2 2 0 3 2 1
38 37 34 32 23 14 35 22 19 12 10 4 9 6 19 24 25 31 36 20 22 23 30 43
17 19 19 19 25 22 14 8 3 2 7 5 6 11 7 9 10 11 22 13 19 17 31 71
2 2 0 2 3 0 0 6 1 1 0 0 2 0 2 0 0 2 2 1 0 1 2 0
2 10 10 8 5 8 6 6 8 10 6 0 5 11 0 4 4 2 1 1 2 5 12 8
4 2 5 1 0 1 0 1 0 0 1 0 0 0 1 1 3 4 1 1 0 0 0 0
9 20 12 11 19 8 10 6 2 8 6 3 6 5 9 11 13 22 18 19 19 18 19 26
118 112 132 111 112 103 74 60 86 7 6 2 42 29 9 11 16 15 56 35 38 50 100 53
2 1 9 6 0 0 0 1 0 0 0 1 1 1 0 2 0 0 0 2 2 2 3 0
12 18 17 15 12 8 13 10 10 6 6 6 8 6 2 13 10 10 9 10 16 13 18 33
32 37 36 22 23 15 15 7 16 11 10 4 17 12 22 25 28 19 17 37 28 17 20 24
69 81 109 73 86 95 82 67 35 35 30 33 23 22 28 32 32 26 37 27 29 50 63 84
0 0 0 0 0 0 0 1 0 0 0 0 0 0 0 0 0 1 1 0 0 0 1 0
12 4 7 2 5 4 6 5 3 3 3 2 4 7 2 2 1 3 4 1 2 2 7 5
5 4 5 5 8 8 4 0 1 1 1 0 1 4 2 1 6 3 7 9 3 4 5 2
0 0 0 0 0 2 0 0 0 0 0 0 0 0 0 0 0 1 0 1 0 0 0 0
35 38 26 22 15 16 5 6 11 7 12 6 10 10 15 16 29 35 14 17 23 29 26 27
40 54 29 32 23 19 13 30 45 7 8 11 11 19 20 16 23 25 33 22 24 33 34 47
17 20 15 24 13 9 11 3 4 10 3 5 3 22 4 7 19 11 15 8 12 14 14 15
0 0 0 0 0 1 0 0 0 0 0 0 0 0 0 1 0 0 0 0 0 0 2 0
0 0 0 0 0 0 0 0 0 0 0 0 0 0 0 0 0 0 0 0 0 0 0 0
10 7 4 9 7 3 1 0 0 1 0 0 1 3 2 1 5 4 7 6 6 6 5 9
0 0 0 1 0 2 0 1 0 0 0 0 0 0 0 0 0 1 0 0 0 2 1 0
32 42 36 39 55 27 36 19 20 11 19 26 8 9 18 14 24 20 20 18 31 23 27 29
5 0 3 4 5 6 2 1 0 0 1 1 1 2 1 1 2 2 3 1 1 6 4 3
0 2 5 2 0 1 0 2 0 0 0 0 0 2 0 0 0 0 0 1 0 1 1 0
0 1 1 0 1 0 0 0 0 0 0 0 0 1 1 0 0 1 0 0 0 0 1 0
50 71 70 65 57 74 32 19 20 10 4 3 21 12 8 15 11 13 12 30 27 54 57 66
10 11 9 22 16 9 9 5 4 2 4 4 3 8 8 5 11 6 12 4 14 11 6 8
0 0 0 0 0 0 1 0 0 0 0 0 0 0 1 0 1 0 0 1 2 0 0 1
4 10 15 5 4 6 3 5 0 0 1 2 0 2 6 7 11 10 10 7 12 8 5 4
26 25 16 27 18 7 8 18 20 9 1 3 3 5 21 9 17 14 17 23 31 23 25 22
32 23 16 18 7 8 5 5 8 11 14 6 5 15 13 17 22 21 14 20 28 23 28 34
0 0 0 0 0 1 0 0 0 0 0 0 0 0 0 0 0 0 0 0 1 2 0 1
5 11 5 8 11 10 4 2 4 4 1 2 0 2 3 0 4 1 4 4 7 1 11 5
1 2 3 2 1 1 0 1 0 1 0 0 0 0 1 1 1 0 0 2 1 1 3 5
16 8 7 13 14 28 10 6 5 1 0 1 4 2 3 3 3 0 3 5 21 23 12 31
31 32 26 19 14 21 11 10 7 7 10 3 3 2 2 13 17 12 15 14 23 18 20 31
1 1 3 4 2 2 0 1 0 1 0 0 1 0 1 0 0 1 0 1 0 1 2 5
5 10 9 7 9 8 3 3 9 2 7 3 2 2 7 9 5 10 4 3 6 3 5 9
9 5 4 4 9 6 4 1 1 1 0 1 2 2 0 3 6 4 10 7 9 3 12 11
12 5 13 12 6 8 7 6 4 2 5 0 2 0 1 1 4 7 5 3 6 5 8 9
61 92 78 68 59 51 32 27 42 39 41 26 25 26 32 44 51 53 66 55 46 56 49 80
1 2 3 2 3 2 1 2 4 1 0 0 1 0 0 3 3 3 5 1 3 1 2 4
0 1 0 0 0 0 0 0 0 0 0 0 0 0 1 0 0 0 1 0 0 0 0 0
0 1 0 0 0 0 0 0 0 0 0 0 0 0 0 1 0 1 1 0 0 1 0 0
0 0 0 0 0 0 0 0 0 0 0 0 0 0 0 0 0 0 0 0 0 0 0 0
0 1 2 0 0 0 1 1 0 2 1 0 0 3 1 0 2 0 1 1 1 0 1 0
5 3 6 0 2 1 0 2 2 1 4 2 1 0 1 4 5 5 9 3 1 3 4 4
1 6 8 7 11 0 8 0 4 1 2 1 1 0 1 2 4 6 3 3 7 3 5 8
5 6 5 4 2 1 2 3 2 2 1 2 0 4 0 2 4 8 4 3 2 4 4 7
0 3 0 0 0 2 0 0 0 0 0 0 0 0 0 0 0 0 1 2 1 2 0 0
23 25 29 29 18 15 16 14 9 18 7 12 24 15 7 11 16 26 11 23 23 17 28 28
1 0 2 0 0 3 1 1 0 0 0 0 0 0 0 1 1 0 1 2 3 1 0 0
52 41 36 50 28 18 29 35 18 15 9 4 17 14 13 18 23 22 36 26 25 43 27 43
4 1 1 3 2 0 0 2 1 0 1 0 1 2 1 6 3 5 6 8 5 1 2 3
8 16 5 6 9 5 9 6 4 2 1 1 1 7 4 11 10 14 10 11 16 6 8 10
1 1 3 0 0 2 0 0 1 0 0 0 0 0 0 2 1 4 2 2 4 2 2 4
11 7 7 7 2 5 2 2 5 4 2 1 2 1 3 2 3 2 2 0 4 2 0 5
147 156 160 158 122 120 73 84 69 88 73 74 52 82 65 82 88 136 145 134 125 119 135 132
6 3 17 11 3 32 11 16 1 0 0 1 37 18 2 1 0 0 0 2 9 20 35 26
0 0 0 0 0 0 0 0 0 0 0 0 0 0 0 0 0 0 0 0 0 0 0 0
0 0 0 0 0 0 0 0 0 0 0 0 0 0 0 0 0 0 0 0 0 0 0 1
19 14 3 7 6 3 5 5 3 6 3 0 2 9 7 3 10 12 7 18 9 8 11 14
4 0 6 1 4 2 1 3 2 0 0 2 2 1 1 1 3 2 4 3 6 4 4 7
1 2 4 6 3 3 1 0 1 0 4 1 1 0 3 6 3 3 1 1 4 0 5 5
6 3 2 5 1 2 1 0 0 0 3 3 2 0 0 0 1 2 0 3 3 2 5 1
7 5 11 5 5 7 3 0 4 8 3 4 2 2 1 2 6 6 6 0 5 4 5 3
1 0 0 0 0 0 0 0 0 0 0 0 0 0 0 0 0 0 0 0 0 0 0 1
4 2 1 0 0 0 1 3 1 0 0 0 0 0 0 2 0 0 2 0 0 0 1 1
2 1 0 0 1 0 0 0 0 0 0 1 0 1 0 2 1 0 3 0 0 2 0 2
0 0 1 0 0 1 0 0 0 0 0 0 0 0 0 0 0 0 0 0 0 0 0 0
0 3 0 0 1 0 0 0 0 0 0 0 0 0 1 0 2 0 0 1 0 0 0 0
0 2 4 3 1 1 0 0 1 0 0 1 1 0 0 1 0 1 4 1 0 4 3 3
1 5 1 0 1 0 0 1 1 0 1 1 0 1 2 0 1 2 1 5 3 2 4 0
0 2 2 2 0 0 0 0 0 0 0 0 0 0 3 1 1 1 1 1 1 2 0 3
6 4 9 2 6 1 5 3 2 0 0 3 3 2 2 7 1 2 2 4 6 3 6 9
5 1 6 0 2 3 4 1 0 0 0 0 0 0 1 3 4 2 7 5 4 4 2 3
9 15 17 8 12 14 6 7 3 3 0 3 4 8 4 2 13 7 8 6 7 6 9 12
17 16 19 11 15 39 22 16 6 1 2 1 10 1 7 6 7 9 13 15 18 14 17 30
0 0 0 0 0 0 0 0 0 0 0 0 0 0 0 0 0 0 0 0 0 0 0 0
37 33 29 30 18 22 5 18 11 13 10 5 14 5 13 7 9 19 16 18 14 16 24 21
0 0 0 0 0 0 0 0 0 0 0 0 0 0 0 0 0 0 0 0 0 0 0 0
7 8 10 4 4 3 3 3 4 4 4 2 5 3 3 5 1 4 1 5 3 6 7 7
0 0 2 1 0 0 1 0 0 0 1 0 0 1 1 1 4 1 0 0 4 1 0 2
0 4 3 5 1 1 2 1 1 3 1 1 2 0 2 1 2 2 3 3 3 2 5 2
1 2 2 3 1 0 0 1 0 1 0 0 0 3 0 2 1 2 0 3 1 2 1 3
14 17 9 16 11 1 2 4 6 2 0 0 6 3 5 4 16 7 10 10 9 11 9 16
13 16 12 16 11 4 12 5 7 11 5 8 6 8 6 4 7 11 12 12 13 13 16 19
52 57 43 25 33 31 16 22 21 21 17 9 15 17 23 22 22 25 32 27 79 59 34 96
6 18 25 13 15 8 18 5 2 3 3 1 4 1 11 8 17 17 14 20 13 12 18 16
2 3 2 0 2 0 2 0 0 0 0 2 0 0 0 1 0 1 1 2 2 1 1 0
3 2 1 0 0 0 0 0 0 2 0 0 0 1 2 2 0 1 1 1 1 1 3 1
0 1 1 1 0 2 0 1 0 0 0 0 0 1 0 1 1 1 1 0 2 3 2 0
0 1 1 1 0 3 0 1 1 0 0 0 0 1 1 0 2 4 2 3 3 4 4 0
0 0 2 1 1 1 1 0 0 0 0 0 0 0 1 1 1 0 0 0 0 0 0 0
13 13 16 11 7 1 3 6 4 6 5 1 5 5 4 5 5 8 10 7 9 15 11 12
2 1 7 9 4 20 5 5 2 1 0 0 6 0 2 1 2 0 3 2 3 4 9 7
1 2 3 0 3 0 2 1 3 2 1 1 17 0 0 1 2 1 0 1 0 1 1 5
10 7 13 12 12 5 2 5 6 7 5 3 5 4 9 3 6 9 9 11 7 8 7 5
33 37 32 34 21 26 19 23 24 12 15 15 16 8 15 12 31 32 19 34 33 27 27 20
0 0 0 0 0 0 0 0 0 0 0 0 0 0 0 0 1 0 0 1 0 0 0 0
3 1 7 2 0 2 1 1 3 0 1 0 0 1 1 2 2 4 3 3 4 0 2 3
2 4 1 1 0 1 1 1 0 0 0 0 0 0 1 0 0 0 1 2 1 2 0 0
4 2 0 1 1 0 4 1 0 0 0 0 0 1 0 0 0 2 0 2 2 2 1 2
0 0 0 0 0 0 1 0 0 0 1 0 0 0 0 0 1 0 1 0 0 0 2 0
0 4 0 1 0 0 1 0 0 0 1 0 0 1 1 0 0 0 0 0 0 0 0 0
4 0 3 0 0 0 0 0 1 0 0 0 1 0 1 0 0 1 3 0 1 2 0 0
1 2 1 2 1 1 1 0 0 0 0 4 0 1 0 0 5 1 0 0 0 0 1 0
6 12 17 3 1 18 3 12 5 4 6 1 7 4 3 1 7 6 7 3 19 5 6 9
1 2 1 0 3 1 0 1 0 0 0 1 0 1 0 1 0 0 0 0 0 1 0 1
1 0 1 0 0 0 0 0 0 0 0 0 0 0 0 0 0 1 0 0 0 0 0 0
11 29 11 18 16 7 12 1 3 2 4 4 3 1 8 5 9 11 15 13 13 18 8 15
1 7 3 5 3 2 2 12 0 1 0 1 9 1 1 4 12 6 4 5 4 6 5 7
0 3 0 3 2 1 1 5 1 1 1 0 15 1 3 3 4 1 1 10 2 0 4 5
4 1 5 2 1 2 2 1 1 0 0 4 2 0 0 1 3 4 2 0 0 1 1 0
9 21 13 9 5 6 6 6 7 2 3 1 5 13 8 14 6 9 8 10 13 14 10 21
0 1 1 0 0 0 0 0 3 0 0 1 0 0 1 0 0 0 0 2 0 3 1 0
17 22 22 24 12 14 14 14 9 15 6 12 12 15 9 9 21 21 17 16 20 17 21 16
0 0 1 0 0 0 1 0 0 0 0 1 0 0 1 0 1 1 0 0 0 0 0 0
6 14 20 5 9 5 4 5 4 3 0 2 3 2 7 4 9 8 4 5 9 12 5 7
6 0 0 2 0 1 1 0 1 0 0 1 1 0 1 1 0 4 0 0 2 0 1 1
0 0 0 0 0 0 0 0 0 0 0 0 0 0 0 0 1 0 0 1 2 1 2 0
6 10 7 4 10 4 4 0 2 7 3 1 1 4 4 5 2 4 6 3 4 8 11 12
2 6 6 5 1 2 1 2 1 2 0 1 3 9 1 4 6 3 3 4 1 3 6 3
0 0 0 0 0 0 0 0 0 0 0 0 0 0 0 0 0 1 0 0 0 0 0 0
4 5 7 2 6 0 2 26 1 0 0 2 5 3 3 4 18 5 5 6 4 3 6 4
3 4 3 5 1 1 0 1 1 0 0 0 3 2 2 3 1 2 2 6 4 4 5 3
1 5 6 4 13 1 0 3 3 5 4 2 2 3 6 3 2 0 3 0 10 3 0 3
8 3 5 6 1 2 2 3 1 1 0 1 5 0 0 2 15 4 3 5 3 3 0 5
0 0 0 0 0 0 0 0 0 0 0 0 0 0 0 0 0 0 0 0 0 0 0 0
2 1 1 1 2 1 0 0 2 1 2 1 1 0 0 1 1 1 2 1 1 1 0 0
2 4 5 4 3 1 2 18 1 2 1 1 3 1 1 0 3 5 1 5 4 2 4 6
6 2 3 2 2 1 2 0 0 4 2 0 2 0 2 1 2 4 3 6 4 4 7 2
0 1 0 0 1 0 0 0 0 0 0 0 0 0 0 0 0 0 0 0 0 0 0 0
1 0 0 1 0 1 0 0 0 0 0 0 0 0 0 0 0 2 0 1 0 0 1 0
1 2 0 1 0 0 0 1 0 1 0 0 0 1 1 1 0 0 0 0 0 2 0 0
1 1 0 0 0 0 1 0 0 0 0 0 0 0 0 1 0 2 0 0 1 0 0 0
1 1 6 1 1 1 0 1 1 0 1 0 1 1 1 1 1 1 1 0 4 0 0 1
1 0 0 0 1 0 0 0 0 0 0 0 0 0 1 0 1 1 1 1 0 1 2 1
0 0 0 0 0 0 0 0 0 0 0 0 0 0 0 0 0 0 0 0 1 0 0 0
4 3 4 2 4 5 1 1 3 2 2 1 1 2 1 0 0 1 2 2 0 2 0 3
8 8 12 5 5 3 6 7 5 3 0 2 5 1 6 6 20 16 9 7 5 7 9 6
0 2 0 3 1 3 0 1 0 1 0 0 0 0 1 0 2 6 0 0 0 0 0 1
0 0 2 0 1 1 0 0 1 0 0 0 0 0 0 1 2 1 1 2 2 3 2 0
3 0 2 0 1 0 1 0 1 0 0 0 2 0 1 3 1 1 4 0 0 2 1 2
4 1 1 3 1 2 1 0 0 1 0 0 0 0 0 0 1 5 2 1 0 1 1 1
1 0 0 0 0 0 0 0 0 0 0 0 0 0 0 0 0 0 0 0 0 0 0 0
2 5 6 2 5 6 0 3 1 3 3 2 1 2 3 2 1 2 2 3 2 2 9 5
4 6 6 9 3 4 2 5 3 4 5 4 2 4 4 9 1 2 2 3 1 9 3 5
0 0 0 0 0 0 0 0 0 0 0 0 0 0 0 0 0 0 0 0 0 0 0 0
2 2 1 1 1 0 1 1 0 0 0 0 0 2 0 2 4 0 2 1 2 1 0 1
2 3 3 2 5 3 0 1 1 2 0 1 0 1 2 1 1 7 0 1 1 3 0 5
4 2 3 2 3 1 1 18 1 2 1 0 0 0 0 0 9 3 3 7 4 3 4 5
0 0 0 1 0 0 0 0 0 0 0 0 0 0 1 1 0 0 0 0 1 0 1 0
0 4 4 3 3 0 1 2 1 1 0 0 2 0 0 2 0 0 2 3 0 1 1 1
4 2 6 4 4 2 3 4 1 0 3 2 2 3 3 4 2 0 1 1 2 6 5 5
11 9 13 12 12 6 4 2 2 4 2 3 6 5 3 3 3 14 7 9 6 9 3 10
0 0 0 0 0 0 0 0 0 0 0 0 0 0 0 0 0 0 0 0 0 0 0 0
3 1 3 7 1 2 3 2 2 2 1 3 2 2 0 2 1 3 2 1 2 2 5 6
3 0 1 1 0 0 0 0 0 0 0 0 0 1 0 1 0 2 0 1 3 0 2 1
0 0 0 0 0 1 0 0 0 0 0 0 0 1 0 0 1 0 0 1 3 0 0 0
3 4 1 2 5 2 3 3 4 5 3 2 1 0 2 1 1 2 2 5 3 2 5 5
3 1 0 2 0 0 2 1 0 2 0 0 1 0 0 2 0 1 0 0 2 1 2 1
3 0 0 0 1 1 1 1 0 0 1 4 1 0 1 0 0 1 0 1 1 1 0 0
0 2 1 1 0 6 2 2 0 0 0 0 0 1 0 0 1 0 0 0 0 0 0 0
0 0 0 0 0 0 0 0 0 0 0 0 0 0 0 0 0 0 0 0 0 0 0 0
17 12 17 21 16 8 6 9 6 3 7 8 2 4 6 8 9 10 13 14 12 5 12 16
0 0 0 0 0 0 0 0 1 0 0 0 0 1 0 0 0 0 0 0 0 0 2 0
1 0 1 1 0 0 0 1 1 0 0 0 2 0 0 0 0 0 0 0 1 0 0 1
0 0 1 0 0 1 0 0 0 0 0 0 0 2 0 0 0 0 0 0 1 0 0 0
0 2 5 1 1 1 2 0 1 2 1 0 0 0 2 1 5 1 3 1 2 0 2 1
1 0 0 0 0 0 0 0 0 0 0 0 0 0 0 0 0 0 0 0 0 0 0 0
1 0 2 1 1 0 0 2 0 0 0 0 0 1 0 1 2 0 2 2 0 3 1 2
0 2 1 0 0 1 0 0 1 0 0 1 2 1 0 0 0 0 0 0 0 0 1 0
21 12 9 13 9 12 14 2 6 6 8 8 3 6 5 7 8 11 8 13 8 14 18 20
0 0 0 0 0 0 0 0 0 0 0 0 0 0 0 0 0 0 0 0 0 0 0 0
0 0 0 0 0 0 0 0 0 0 0 0 0 0 0 0 0 1 0 0 0 0 0 0
5 3 9 6 2 1 3 1 1 5 6 1 3 0 3 4 1 0 4 4 1 4 4 1
1 2 0 1 1 6 1 2 0 2 0 0 2 0 1 0 0 0 1 0 0 0 1 1
5 9 5 5 3 7 1 0 4 2 0 0 5 2 2 4 3 3 6 9 3 6 2 1
0 1 4 2 2 0 1 0 0 0 0 0 0 2 1 2 2 2 0 3 1 3 2 3
0 0 0 0 0 0 0 0 0 0 0 0 0 0 0 1 0 0 1 0 1 1 0 0
1 2 5 0 2 1 1 2 0 0 1 1 0 0 1 3 7 0 1 5 1 2 3 1
1 3 2 1 1 0 0 0 0 1 0 0 0 0 0 2 0 0 0 2 1 2 1 1
4 2 2 0 1 0 1 1 1 0 0 0 1 0 0 0 0 2 1 0 1 1 0 1
1 2 2 5 2 2 1 1 1 1 0 0 0 0 1 0 3 0 2 1 2 5 5 1
2 2 1 1 0 0 1 1 1 0 1 0 0 1 1 1 0 1 0 1 1 0 1 1
0 0 0 0 0 0 0 0 0 0 0 0 0 0 0 0 0 0 0 0 0 0 0 0
22 15 7 4 10 17 18 15 10 6 4 2 5 7 1 3 1 4 2 4 5 3 6 12
1 0 1 0 0 0 0 0 0 0 0 0 0 0 0 0 0 0 1 0 0 0 0 0
0 0 0 0 0 0 0 0 1 0 0 0 0 0 0 0 0 0 0 0 0 1 0 0
16 13 12 9 11 6 17 3 7 9 12 6 5 5 14 13 10 8 14 17 13 11 14 21
0 2 0 2 1 3 0 0 0 1 0 0 0 0 1 0 0 5 0 0 0 0 0 0
0 0 0 0 0 0 0 0 0 0 1 0 0 0 0 0 0 0 0 0 0 0 0 0
0 1 0 1 0 0 0 1 0 0 0 0 0 0 1 0 0 0 1 0 0 0 1 0
2 4 4 4 4 2 2 7 1 0 0 0 1 1 2 3 0 0 1 0 1 2 0 0
0 0 0 1 0 0 0 0 0 0 0 0 0 0 2 0 0 1 0 0 0 1 0 1
0 2 3 3 2 0 1 1 1 0 0 0 1 1 1 4 2 8 13 2 2 2 2 2
0 1 1 2 0 1 0 0 0 1 1 0 0 0 0 0 0 2 1 0 0 1 1 0
0 0 0 0 0 0 2 0 0 0 0 0 0 0 0 0 1 1 0 0 0 0 0 0
2 1 1 0 2 0 1 1 0 0 0 0 0 3 0 0 0 0 0 0 1 0 1 1
0 1 0 1 0 0 0 0 0 0 0 0 0 0 1 0 2 1 0 0 0 0 1 4
23 21 15 28 17 11 8 7 8 9 6 8 6 4 9 4 16 13 23 10 14 14 34 15
3 2 2 0 2 2 0 1 1 0 0 3 0 0 1 3 0 0 5 4 1 1 3 2
0 1 1 0 0 0 0 0 0 0 0 0 0 0 4 0 0 1 0 0 0 1 0 0
0 0 0 0 0 0 0 0 0 0 0 0 0 0 0 0 0 0 0 0 0 0 2 0
1 0 0 0 1 0 0 0 0 0 0 0 0 0 0 0 0 0 0 0 1 0 0 0
1 0 1 1 0 2 0 0 0 0 0 0 1 1 0 0 0 0 1 1 0 1 2 1
21 13 9 6 5 6 9 3 5 2 4 3 3 9 7 5 12 22 11 10 11 10 8 10
0 0 0 2 0 0 0 0 0 0 0 0 1 1 0 0 0 1 0 1 0 0 0 0
1 0 0 0 0 0 0 0 0 0 0 0 0 0 0 0 0 0 1 1 0 0 1 0
0 0 0 1 0 0 0 2 1 0 0 0 1 1 1 1 0 0 0 0 1 0 0 1
0 0 0 1 0 0 0 0 0 0 0 0 0 0 0 0 1 1 0 0 0 0 0 1
2 2 0 0 1 1 3 0 1 2 0 0 4 1 0 0 3 2 0 3 3 1 2 3
6 1 15 2 1 0 2 2 2 2 1 4 0 0 6 0 2 1 4 3 0 0 5 4
0 1 0 0 0 0 0 0 0 0 0 0 0 0 0 0 0 0 0 0 0 0 0 1
9 11 25 14 5 6 7 6 5 7 7 9 3 2 6 6 11 6 12 14 10 17 10 9
0 0 0 0 0 0 0 0 0 0 0 0 0 0 0 0 0 0 0 0 0 0 0 0
0 1 0 2 1 1 0 2 0 0 0 0 1 0 1 1 2 1 4 0 1 2 1 0
30 47 36 36 21 22 11 7 16 14 16 14 10 16 15 22 38 30 35 33 32 26 30 38
0 0 0 0 0 0 0 1 0 0 0 0 0 0 0 0 0 0 0 0 0 0 0 0
0 0 0 0 0 0 0 0 0 0 0 0 1 1 1 0 0 1 1 0 0 0 1 3
0 0 0 0 1 2 0 0 0 0 0 0 0 0 0 3 0 1 0 1 6 1 1 0
2 2 5 4 6 2 4 1 2 1 1 0 1 0 4 1 8 1 5 2 4 4 5 2
15 8 15 5 11 9 7 7 3 7 10 8 7 1 4 8 6 10 13 11 9 13 16 8
0 2 0 0 0 0 0 0 0 0 0 0 0 0 0 0 0 0 0 1 0 0 0 0
0 0 0 0 0 0 0 0 0 0 1 0 0 0 0 0 1 0 0 1 0 0 0 0
0 0 0 0 0 0 0 0 0 0 0 0 0 0 1 0 0 0 0 0 0 0 0 1
1 0 0 0 2 0 1 0 1 3 1 0 0 1 0 1 0 1 0 2 0 1 0 1
0 0 0 0 1 0 0 0 0 1 0 0 0 0 0 2 0 0 1 0 2 1 1 0
1 0 0 0 0 0 0 0 0 0 0 0 0 0 0 0 0 0 0 0 0 0 0 0
2 1 3 3 3 3 1 0 0 0 1 1 3 1 0 5 2 3 2 3 3 4 2 2
0 1 0 0 0 0 0 0 0 1 0 0 0 0 0 0 0 0 0 0 0 0 1 0
0 0 0 0 0 0 0 0 0 0 0 0 0 0 0 0 0 2 0 0 0 0 0 1
0 0 0 0 0 0 0 0 0 0 0 0 0 0 0 0 0 0 0 0 0 0 0 0
1 0 1 0 0 0 0 0 0 0 0 0 0 0 0 0 0 0 0 1 0 0 0 0
4 3 4 7 11 4 0 1 0 3 1 0 3 0 1 0 3 1 3 1 4 5 4 6
0 0 0 2 0 0 0 0 0 0 0 0 0 0 0 0 0 0 0 0 0 0 0 0
0 1 1 3 1 0 0 0 0 0 1 1 0 0 0 0 0 0 2 1 0 1 1 1
0 0 1 0 2 0 0 0 0 0 0 0 0 1 1 1 0 0 0 1 1 0 1 0
12 10 9 8 9 7 5 5 4 1 4 4 3 5 7 3 16 12 11 11 10 7 10 4
1 0 1 1 1 0 1 0 0 0 0 0 1 0 0 1 1 2 2 0 1 0 1 0
1 2 0 0 1 0 0 0 0 0 0 0 0 1 0 0 0 0 1 0 0 2 1 1
2 0 0 0 0 1 0 0 0 1 0 0 1 1 1 1 0 1 1 0 1 0 1 1
1 0 0 0 0 0 0 0 0 0 0 0 0 0 0 0 0 0 0 1 0 0 0 0
1 0 0 0 0 0 0 1 1 0 0 0 0 1 0 0 0 0 0 4 0 1 0 0
0 2 1 1 0 0 0 0 0 0 0 0 1 0 0 0 0 1 0 1 0 0 0 0
4 11 18 3 6 5 6 7 2 3 1 2 3 0 5 7 14 9 8 10 5 16 10 10
3 1 2 0 1 1 1 1 1 3 1 1 0 1 1 0 0 0 0 0 1 2 1 0
0 0 0 0 0 0 0 0 0 0 0 0 0 0 0 0 0 0 0 0 0 0 0 0
0 4 2 6 0 0 1 1 0 1 0 0 2 1 1 0 0 1 1 0 1 2 0 1
1 1 1 0 0 0 0 0 0 0 0 0 0 0 0 0 1 0 0 1 0 0 0 0
0 0 0 0 0 0 0 0 0 0 0 0 0 0 0 0 0 0 0 0 0 0 0 0
1 1 0 0 0 0 0 0 0 0 0 1 0 0 0 0 1 0 1 0 0 1 1 0
0 0 0 1 0 0 0 0 0 0 0 0 0 0 0 0 0 1 0 0 0 0 0 0
1 1 0 1 0 0 0 0 0 0 0 0 0 0 0 0 0 0 0 0 0 0 1 0
0 1 0 1 1 0 0 0 0 0 1 0 0 1 0 2 1 1 2 1 1 3 0 0
0 0 0 0 0 0 0 0 0 0 0 0 0 0 0 1 0 0 0 0 0 0 0 0
0 0 0 1 0 1 0 0 0 2 0 0 0 0 0 0 0 0 0 0 0 0 1 1
0 1 2 0 0 0 0 0 0 1 0 0 1 1 1 1 1 1 0 1 0 2 1 0
0 1 1 0 0 0 0 0 0 0 0 2 0 0 0 0 0 0 0 0 1 0 0 1
0 0 0 0 0 0 0 0 0 0 0 0 0 0 0 0 0 0 0 0 0 0 0 0
4 1 0 1 0 0 0 0 0 1 1 0 0 0 0 1 0 0 2 1 3 0 0 2
0 0 1 0 0 0 0 0 0 0 0 1 0 0 0 0 0 0 0 0 1 0 0 0
0 0 0 0 1 0 1 0 0 0 0 0 0 0 0 0 0 0 0 0 0 0 0 0
0 0 0 0 0 0 0 0 0 0 0 0 0 0 0 0 0 0 0 0 0 0 0 0
3 3 1 1 1 1 0 1 1 0 0 4 0 3 2 4 7 3 5 3 3 3 3 4
1 0 2 1 0 0 0 0 0 0 0 0 1 0 0 1 1 0 0 0 0 1 0 0
0 0 0 0 0 0 1 1 0 0 0 0 0 1 0 0 0 0 0 0 0 0 0 0
1 0 0 1 0 0 0 0 0 0 0 0 0 1 0 0 0 0 0 1 0 0 0 0
0 0 0 0 0 0 0 0 0 0 0 0 0 0 0 0 0 0 0 0 1 0 0 0
1 1 1 3 0 0 0 1 0 0 0 0 0 0 0 0 3 3 1 2 0 1 2 0
1 1 2 1 2 1 1 0 1 0 0 0 0 1 0 0 1 2 1 0 0 0 3 0
0 0 0 0 0 0 0 0 0 0 0 0 0 0 0 0 0 0 0 0 0 0 0 1
0 0 0 0 0 0 0 0 0 0 0 0 0 0 0 0 0 0 0 0 0 0 0 0
0 1 0 0 0 1 0 2 1 0 0 0 0 0 0 0 0 0 0 3 0 0 1 3
0 0 1 0 0 0 0 0 0 0 0 0 0 0 0 0 0 0 0 0 0 0 0 0
0 0 0 0 0 1 0 0 0 0 0 0 0 0 0 0 0 0 0 0 0 0 0 0
1 5 1 0 0 2 2 1 1 2 0 2 1 1 2 3 6 3 1 3 2 1 1 4
2 1 1 0 1 0 0 0 0 0 0 0 0 2 0 0 0 0 2 0 0 1 2 2
1 1 1 0 0 0 0 0 0 0 0 0 0 2 0 0 0 0 0 2 1 1 2 0
14 14 4 1 4 6 7 2 4 7 5 0 2 3 3 6 7 7 0 7 7 6 6 14
4 1 2 3 1 1 1 1 1 0 0 1 3 0 3 1 2 2 0 1 2 4 2 0
1 2 1 0 0 3 0 0 0 0 0 0 0 1 2 0 0 0 0 0 0 1 0 2
0 1 0 0 0 0 0 0 0 2 0 1 0 0 0 0 1 0 0 0 0 1 1 2
1 1 0 3 0 1 0 0 0 0 1 1 0 0 1 1 0 0 0 1 2 1 1 0
2 2 0 0 0 0 0 0 0 0 0 1 0 0 0 1 0 0 0 1 0 0 0 0
1 1 2 0 0 0 0 0 0 0 0 0 0 0 0 0 1 0 1 0 4 0 2 0
0 1 0 0 2 0 0 0 0 0 0 0 0 0 0 0 0 1 1 0 0 0 1 0
2 0 2 3 0 0 1 0 0 0 0 0 5 1 0 0 0 0 0 1 3 2 2 0
0 0 0 0 0 0 0 0 0 0 0 0 0 0 0 0 0 1 0 1 0 0 0 0
1 1 0 0 0 0 0 0 0 0 0 0 0 1 0 0 0 0 0 2 0 0 0 1
2 0 0 0 1 0 1 1 1 2 0 0 0 0 0 0 1 0 0 0 0 0 0 1
0 0 0 0 0 0 0 1 0 0 0 0 0 0 0 1 0 0 0 0 0 0 0 0
0 0 0 0 0 0 0 0 0 0 0 1 0 0 0 0 0 0 0 0 0 0 0 0
1 2 0 0 0 0 0 0 0 0 0 1 0 1 0 1 0 0 0 1 0 0 0 0
0 0 0 1 0 1 0 4 0 0 0 0 0 0 0 0 0 1 0 1 0 1 1 0
0 1 0 0 0 1 0 0 0 0 0 0 0 0 0 0 0 0 2 0 0 0 0 0
2 3 1 3 0 0 2 0 2 0 0 1 0 0 0 0 0 2 2 1 0 2 3 1
0 0 0 0 1 0 0 0 0 0 0 0 0 1 0 0 1 1 0 0 0 0 0 2
0 0 0 0 0 1 0 0 0 0 0 0 0 0 0 0 0 0 0 1 0 0 0 0
0 0 0 0 0 0 0 1 0 0 0 0 1 0 0 0 0 1 0 1 0 0 0 0
5 8 1 3 2 0 1 1 0 0 0 1 4 2 1 3 0 1 2 3 1 2 3 1
0 0 0 1 0 1 0 0 0 0 0 0 0 0 0 0 0 0 0 0 0 0 0 2
4 3 2 9 8 2 3 8 1 2 0 0 1 0 1 1 1 4 7 3 1 1 4 6
1 0 0 0 5 0 0 0 0 0 0 0 0 2 0 0 0 0 0 1 0 1 1 1
0 0 0 0 0 0 0 0 0 0 0 1 0 0 0 0 0 0 0 2 0 0 0 0
12 31 11 6 8 6 17 6 6 2 2 2 1 4 4 5 8 11 16 9 14 13 8 21
1 0 0 1 0 0 0 1 0 0 0 0 0 0 0 0 2 0 0 1 3 9 0 0
0 0 0 1 0 0 0 0 0 0 0 0 0 0 0 0 1 0 0 0 0 0 0 0
7 12 8 4 5 2 33 3 0 1 1 1 0 0 2 4 4 3 2 10 9 5 2 5
0 2 0 0 0 0 0 0 0 0 0 0 0 0 0 0 0 0 0 0 0 0 0 0
0 0 0 0 0 0 0 0 0 0 0 0 0 0 0 0 0 0 0 1 0 0 0 0
1 0 0 0 0 0 0 0 0 1 0 0 0 0 0 0 0 0 0 0 0 0 0 0
0 0 1 0 0 1 1 0 0 0 0 0 0 0 0 1 0 0 0 0 0 0 1 0
0 0 0 0 0 0 0 0 0 0 0 0 0 0 1 0 0 0 0 0 0 0 0 0
0 0 0 2 2 3 0 0 1 1 0 0 0 0 2 5 8 1 0 0 3 1 0 1
2 7 0 4 2 2 5 1 0 0 0 0 0 1 0 0 4 1 2 6 3 1 1 2
0 0 0 0 1 0 3 0 0 0 0 0 0 0 0 0 0 0 0 0 1 1 1 0
1 0 1 0 0 0 0 0 0 0 0 0 0 0 1 0 0 1 0 1 0 0 1 2
0 0 0 0 2 0 0 0 0 0 0 0 1 0 0 0 0 0 0 0 0 0 1 0
0 1 2 1 0 1 0 0 0 0 0 0 0 0 1 1 2 2 0 2 1 2 2 9
4 1 4 3 3 2 1 1 1 1 0 0 1 0 4 2 3 2 1 2 1 0 2 2
0 1 1 0 1 0 0 1 0 0 0 0 1 0 0 0 0 0 1 1 0 0 0 0
0 1 2 1 0 0 1 0 1 2 0 1 0 0 1 1 0 0 1 1 2 1 1 1
0 0 0 0 1 0 0 1 0 0 0 0 1 1 0 0 0 0 0 1 0 2 1 0
0 7 4 1 0 0 0 0 0 1 0 0 0 0 0 0 3 1 1 0 2 0 1 7
3 3 3 1 2 6 5 5 1 0 1 0 2 2 2 1 3 2 4 3 0 5 4 5
0 0 0 0 0 0 0 0 0 0 0 0 0 0 0 0 0 0 0 0 0 0 0 0
1 0 0 0 0 0 0 0 0 0 0 0 0 0 0 0 0 0 0 0 0 0 0 0
7 8 10 4 5 4 25 1 2 1 0 0 2 0 0 4 5 3 5 12 6 4 7 6
0 0 1 1 0 0 0 0 0 0 0 0 0 0 0 1 0 1 0 0 0 2 0 0
0 0 0 0 1 0 0 0 0 0 0 0 0 0 0 0 0 0 0 0 0 0 0 1
0 0 2 1 1 1 0 0 0 0 0 0 0 0 2 0 0 1 2 0 0 1 0 2
1 0 1 0 0 1 0 1 0 0 0 0 0 0 0 0 0 0 2 0 0 0 1 1
0 0 0 0 0 0 0 0 0 0 0 0 0 0 0 0 0 0 0 0 0 0 0 0
0 0 0 1 1 0 0 0 0 0 0 0 0 1 0 0 0 0 0 0 1 0 0 0
0 1 0 0 0 0 0 0 0 0 0 0 0 0 0 0 0 0 1 0 0 2 1 1
3 0 0 2 1 0 0 1 2 2 0 0 0 0 0 1 2 1 1 6 2 2 1 1
0 1 0 0 0 0 0 1 0 0 0 0 0 0 0 0 2 1 0 1 0 0 0 0
0 0 0 0 0 0 0 0 0 0 0 0 0 0 0 0 0 0 0 0 0 0 0 0
0 0 0 1 0 0 0 0 0 0 1 0 0 0 1 0 0 0 0 0 1 0 0 2
1 0 0 0 1 0 0 0 0 0 0 0 0 0 0 1 0 0 1 0 0 0 0 1
2 3 1 1 0 1 1 1 1 0 0 0 0 0 3 1 2 3 4 1 2 2 3 3
12 16 18 5 2 4 0 0 0 1 0 1 1 1 0 2 2 2 3 2 6 7 6 4
0 2 1 2 1 0 0 1 1 1 0 1 2 0 0 0 4 1 7 0 3 0 2 0
1 0 0 0 0 0 1 0 0 0 0 0 0 0 0 0 0 0 0 0 0 0 0 0
4 4 3 4 5 1 0 0 0 0 0 0 0 0 3 0 0 2 1 0 4 1 1 5
0 0 1 0 0 0 0 0 0 1 0 0 0 0 1 0 0 1 0 0 0 0 0 0
0 0 0 0 0 0 0 0 0 0 0 0 0 0 0 0 0 0 0 0 0 0 0 0
0 0 0 0 0 0 0 0 0 0 0 0 0 0 0 0 0 0 0 0 0 0 0 0
0 1 0 0 0 0 0 1 2 0 0 0 0 0 1 1 1 0 3 0 0 1 0 0
1 0 0 0 0 0 0 0 0 0 0 0 0 0 0 0 0 0 0 0 0 0 0 0
0 0 0 0 0 0 0 0 0 0 0 0 0 0 0 0 0 0 0 0 0 0 0 0
1 0 0 0 0 0 1 0 0 1 0 0 0 1 1 2 0 1 2 1 2 4 0 5
0 0 0 0 0 0 0 0 0 0 0 0 0 0 0 0 0 0 0 0 0 0 0 0
0 0 0 1 0 0 0 0 0 0 0 0 0 0 0 0 0 0 0 0 0 0 0 0
8 4 5 8 9 5 0 0 2 2 0 2 1 1 4 5 3 6 7 9 10 5 9 6
2 0 2 0 1 0 0 0 0 0 0 0 0 1 0 1 0 0 0 0 0 0 0 0
5 6 7 4 2 10 1 2 2 0 0 0 0 3 2 0 3 6 10 4 3 3 6 8
0 0 0 0 0 0 0 0 0 0 0 0 0 0 0 0 0 0 0 0 0 0 0 0
1 0 0 0 0 0 0 0 0 0 0 0 1 0 0 0 0 0 0 0 0 0 0 1
0 0 0 3 2 0 0 0 0 0 0 0 0 0 0 2 1 2 0 1 1 0 0 1
0 1 0 2 0 0 2 0 1 0 0 0 0 0 0 0 0 1 0 0 1 1 1 0
1 0 1 0 0 0 0 0 0 0 0 0 0 0 0 0 1 0 0 0 1 0 0 0
3 0 2 1 1 2 6 1 0 1 1 1 0 1 1 0 0 1 1 0 1 2 0 0
0 0 0 0 1 1 1 1 0 0 0 0 0 1 0 0 0 0 0 0 1 1 1 0
1 0 1 0 0 0 0 0 0 0 0 0 0 0 0 0 0 0 0 0 0 0 1 0
1 0 1 1 0 2 0 1 3 0 0 0 0 0 0 0 2 2 0 0 0 2 2 1
0 0 1 0 2 3 0 0 0 0 0 0 0 0 0 0 1 0 0 4 1 1 0 0
0 0 0 0 0 0 0 0 0 0 0 0 2 0 0 0 1 2 1 3 0 1 0 0
1 0 1 0 4 1 0 0 0 0 0 0 2 0 0 0 1 0 0 2 1 1 0 0
1 1 3 2 1 1 1 0 0 1 1 0 0 0 0 1 1 0 1 4 2 1 3 3
2 1 0 0 0 0 0 0 0 1 0 0 0 0 0 0 1 0 1 0 0 2 0 0
0 1 0 0 1 0 0 1 0 0 0 0 0 0 1 0 0 2 1 0 0 0 2 0
0 0 0 0 1 0 1 1 0 0 0 0 0 0 1 0 0 1 0 0 0 0 1 0
0 0 2 0 0 0 0 0 0 0 0 0 0 0 0 0 1 1 0 0 0 0 1 0
0 0 0 1 0 0 0 0 0 0 0 0 0 0 0 0 0 0 0 0 1 0 1 0
10 8 4 4 5 2 4 4 3 0 6 2 5 3 1 3 8 2 9 7 2 9 4 8
1 0 1 0 0 0 0 0 0 0 0 0 0 0 0 0 1 1 1 0 0 0 0 5
2 0 0 0 1 0 0 0 0 0 0 0 0 1 2 0 0 1 0 0 0 0 2 2
1 0 0 0 0 0 0 0 0 0 0 0 0 0 0 3 0 0 2 1 1 0 0 0
4 3 0 4 2 1 0 1 0 0 0 0 0 1 0 0 0 2 5 3 5 3 7 4
13 1 0 2 1 2 3 1 4 2 0 0 0 0 0 0 0 3 1 0 6 1 0 2
2 1 1 0 0 0 0 0 0 0 0 0 0 0 0 0 1 0 0 0 0 1 1 0
3 0 0 0 0 0 0 0 1 0 1 0 0 0 0 0 0 0 1 0 0 0 0 1
0 2 1 0 0 0 0 0 0 0 0 0 0 1 1 0 0 3 3 1 0 0 3 1
0 0 0 0 0 0 0 0 0 0 0 0 0 0 2 0 0 1 1 1 0 0 0 0
1 0 0 1 0 0 0 0 0 0 0 0 0 0 0 0 0 0 0 2 0 1 0 1
1 0 0 0 1 0 0 0 0 0 0 0 0 0 0 1 1 0 0 1 0 5 1 1
2 1 0 0 1 0 0 0 0 0 0 0 0 3 2 0 0 2 0 0 1 1 1 3
8 5 5 1 1 1 1 0 0 0 0 1 4 1 1 2 2 2 3 4 0 3 1 6
7 4 6 6 3 3 3 10 3 0 3 1 4 3 1 3 4 2 4 3 2 4 7 3
0 0 0 0 0 0 0 0 0 0 0 0 0 0 0 0 0 1 0 0 0 0 0 0
1 1 2 1 0 0 0 0 0 1 0 0 1 0 1 1 0 2 0 0 0 0 1 0
0 1 0 0 0 0 1 0 0 0 0 0 0 0 0 0 0 0 2 0 0 2 0 0
0 0 0 2 0 0 0 0 0 0 0 0 0 0 0 0 0 0 0 0 0 1 0 1
0 0 0 0 0 0 0 0 0 0 0 0 0 1 1 0 1 1 0 0 0 0 0 0
0 1 0 0 0 0 0 1 0 0 0 0 0 0 0 0 2 1 1 1 0 0 0 1
0 0 0 0 0 0 0 0 0 0 0 0 0 0 0 0 0 0 0 0 0 1 0 0
0 1 0 0 1 1 0 1 0 0 2 0 0 0 0 0 0 0 1 0 0 0 0 0
26 20 20 19 20 10 7 8 11 6 3 1 6 6 3 7 14 10 17 15 26 13 22 14
2 4 5 1 1 5 1 0 2 1 0 0 3 2 0 1 6 6 4 6 4 6 5 3
1 1 0 0 0 0 1 0 0 0 0 1 1 1 0 0 0 0 2 1 0 0 0 0
0 0 1 0 0 0 0 0 0 0 1 1 0 0 0 0 0 1 0 0 2 1 0 0
2 6 1 2 2 1 1 1 0 0 2 0 0 1 3 1 1 2 1 2 3 1 0 4
0 0 0 0 0 0 0 0 1 0 0 0 0 0 0 0 0 0 0 1 0 1 1 0
1 0 2 0 2 0 0 0 0 0 0 0 2 0 0 0 0 0 0 0 0 0 0 0
0 0 0 0 0 0 0 0 0 0 0 0 0 0 0 0 0 0 0 0 0 0 0 0
0 0 0 0 0 0 0 0 0 0 0 0 0 0 0 0 0 0 0 0 0 1 0 0
1 0 0 1 0 0 0 0 0 1 0 2 0 0 0 1 1 1 1 1 0 1 0 0
1 0 0 0 0 0 0 0 0 0 0 1 1 1 0 0 0 0 1 1 0 0 0 0
0 0 2 1 0 0 0 0 0 0 0 0 0 1 0 1 2 0 0 0 0 2 1 0
0 0 0 0 0 0 0 0 0 0 0 0 0 0 0 0 0 0 0 0 0 0 0 0
1 0 0 0 0 0 0 0 0 0 0 0 0 0 0 0 1 1 0 1 0 1 0 2
2 0 0 1 1 0 0 0 0 0 0 0 0 0 0 0 3 1 0 1 0 1 2 1
13 18 10 12 14 2 23 27 13 4 1 0 5 4 3 7 7 4 14 9 10 6 6 10
1 1 2 0 0 0 1 0 0 0 0 0 1 0 0 0 1 1 1 2 0 1 0 1
2 1 2 1 3 1 0 0 0 0 2 0 0 2 2 1 3 1 2 0 2 1 4 0
8 12 6 5 9 3 6 7 5 2 0 1 0 0 0 2 3 1 2 2 4 2 2 7
1 0 3 1 0 0 0 2 0 0 0 0 0 1 1 1 0 0 1 1 0 0 1 0
1 0 0 0 0 0 0 0 0 0 0 0 0 1 0 0 0 0 0 0 0 0 1 0
0 0 0 0 0 0 0 0 0 0 0 0 0 0 0 0 0 0 0 0 0 0 0 0
2 0 0 2 1 0 0 0 0 0 0 0 0 0 0 0 0 0 1 0 0 0 0 0
1 2 0 1 1 1 0 1 0 0 0 0 0 1 1 5 1 4 2 1 1 3 3 2
0 0 0 0 0 0 0 0 0 0 0 0 0 0 0 0 0 0 0 0 0 0 0 0
2 0 0 2 3 0 2 1 1 0 0 0 0 0 0 0 0 1 1 0 2 0 2 1
3 2 2 3 0 0 1 0 1 0 1 1 0 0 0 2 2 0 0 2 1 1 1 0
0 0 0 0 0 0 0 0 0 0 0 0 0 0 1 0 1 0 0 0 0 0 0 1
0 0 0 0 0 0 0 0 0 0 0 0 0 0 0 0 0 0 0 1 2 0 0 0
1 2 1 0 0 0 0 0 0 0 0 0 0 0 1 1 1 0 1 2 0 0 0 4
1 7 3 0 2 4 1 3 2 1 0 0 2 0 4 0 3 2 4 3 4 1 1 2
0 0 0 0 0 0 0 0 0 0 0 0 0 0 0 0 0 0 0 0 0 0 0 0
1 0 1 2 0 0 1 0 0 0 0 0 0 1 1 0 2 2 1 4 2 1 0 0
0 0 0 0 0 0 0 0 0 0 0 0 0 0 0 0 0 0 0 0 0 0 0 0
0 1 1 1 0 1 1 0 1 0 0 0 0 0 1 0 0 0 2 1 0 0 1 2
2 1 1 0 0 0 0 0 0 0 0 0 0 0 1 0 1 0 0 0 0 0 0 0
0 0 0 0 0 0 2 0 0 0 0 0 0 0 2 1 1 1 0 2 1 1 0 0
0 0 0 1 0 0 0 1 0 0 0 0 0 1 0 2 0 0 1 0 0 1 0 0
6 8 7 7 4 4 4 9 2 1 1 1 1 2 3 3 5 7 4 7 5 3 4 4
0 1 0 0 0 0 0 0 0 0 0 0 0 0 0 0 0 0 0 0 0 0 1 2
3 1 5 4 3 3 1 1 1 2 0 0 1 1 0 1 1 2 1 2 1 0 3 1
0 2 0 0 0 0 0 0 0 0 0 0 0 0 0 0 0 1 1 2 0 0 1 2
0 0 0 1 0 0 2 0 0 0 0 0 0 0 0 0 0 0 0 0 0 0 0 0
1 3 0 6 5 2 1 1 1 0 1 0 0 0 1 2 0 4 4 1 2 4 3 1
0 0 0 1 0 0 0 0 0 0 0 0 0 0 0 0 1 0 0 1 0 3 3 1
0 1 0 1 0 0 0 0 0 0 0 0 0 0 0 0 0 1 0 0 1 0 0 2
0 0 1 1 0 0 0 0 0 0 0 0 0 0 1 0 0 0 0 0 0 0 1 2
0 0 0 0 0 1 0 0 0 0 0 0 0 0 0 0 0 0 1 0 0 0 1 0
0 0 0 0 0 0 0 0 0 0 0 0 0 0 0 0 0 0 0 0 0 0 0 0
3 6 6 7 7 0 1 1 0 0 1 1 1 2 2 1 5 8 9 6 3 9 7 4
2 1 2 1 2 2 0 1 1 1 0 0 1 1 1 0 0 0 0 2 1 0 2 0
1 0 1 1 2 2 0 0 0 0 0 0 0 0 0 1 3 0 1 2 3 1 0 2
3 5 3 0 1 4 3 2 5 2 2 1 1 0 0 0 1 1 4 2 4 4 1 4
9 12 7 6 6 0 1 14 2 1 2 1 2 1 2 2 6 5 5 11 10 7 5 6
1 0 0 0 0 0 1 0 0 0 0 0 0 1 0 0 0 0 0 0 0 0 0 1
1 0 0 0 0 0 0 1 1 1 0 1 0 0 0 0 0 0 0 1 0 0 1 0
5 11 5 9 11 0 2 6 0 0 0 0 0 0 0 0 1 4 7 7 2 10 2 3
0 0 0 0 0 0 0 0 0 0 0 0 0 0 0 0 1 0 0 1 0 0 0 0
0 0 0 0 0 0 0 0 0 0 0 0 0 0 0 0 0 0 0 0 0 0 0 0
0 1 0 3 0 0 0 2 1 0 0 0 0 1 0 0 5 0 0 1 0 1 1 0
6 16 6 5 8 4 0 3 4 1 3 0 0 1 2 1 7 8 9 8 7 10 4 5
0 0 2 0 1 0 1 0 0 0 0 0 0 0 0 0 1 0 0 0 1 0 1 0
0 0 2 0 0 0 1 0 0 1 0 0 0 0 2 0 0 0 2 1 1 1 0 0
0 1 0 0 1 1 0 0 0 0 0 0 0 1 0 0 0 0 0 0 0 0 0 0
0 0 0 0 0 0 0 0 0 0 0 0 0 0 0 0 0 0 0 0 0 0 0 0
0 0 0 0 0 0 0 0 0 0 0 0 0 0 0 1 1 0 0 1 0 0 0 0
0 0 0 0 0 0 0 0 0 0 0 0 0 0 0 0 0 1 0 1 0 0 0 0
1 1 1 2 2 1 0 0 0 0 0 0 0 0 0 0 1 0 0 0 2 1 0 2
0 2 0 1 2 0 1 1 0 0 1 0 0 0 0 1 2 0 1 1 0 1 0 0
0 0 0 2 0 0 0 0 0 0 0 0 0 0 0 0 1 0 0 0 0 0 0 0
0 0 0 0 0 0 0 0 0 0 0 0 0 0 0 0 0 0 0 0 0 0 0 0
0 0 0 0 0 0 0 0 0 0 0 0 0 0 0 0 0 0 1 0 0 1 0 0
0 1 0 0 0 0 0 0 0 0 0 0 0 0 0 0 0 0 0 0 1 0 0 0
0 2 0 0 1 1 0 1 0 0 0 1 1 1 0 1 1 0 1 1 0 0 2 0
0 2 0 1 0 0 0 0 0 1 0 0 0 0 0 2 0 2 2 0 1 2 3 1
0 1 1 0 0 0 1 0 0 0 0 0 0 0 0 1 0 0 1 0 0 1 0 0
0 0 1 1 0 1 1 0 0 0 0 0 0 1 0 1 1 0 0 0 0 2 1 0
0 0 0 0 0 0 0 0 0 0 0 0 0 0 0 0 0 0 0 0 0 0 0 0
0 0 0 1 0 0 0 0 0 0 0 0 0 0 1 0 0 0 1 0 1 0 0 0
0 0 1 0 0 0 0 0 0 0 0 0 0 0 0 0 0 0 0 0 0 0 0 0
1 8 5 6 2 4 0 0 1 1 0 3 0 4 1 2 3 1 2 4 0 0 4 3
0 1 1 1 0 0 0 0 1 0 0 0 0 0 0 1 0 1 1 0 0 1 0 1
1 6 0 3 1 1 0 0 1 1 1 0 1 3 0 0 1 2 0 1 3 0 1 1
0 0 0 0 0 0 0 1 0 1 0 0 0 2 0 0 3 0 1 2 0 0 0 1
0 0 0 2 1 1 0 0 0 0 0 0 0 2 1 0 1 0 1 1 1 0 0 0
0 0 0 0 0 0 0 0 0 0 0 0 0 0 1 0 1 1 0 0 0 0 0 0
0 0 0 1 0 0 0 0 0 0 0 0 0 0 0 0 0 0 0 0 0 1 0 0
1 1 0 3 3 3 1 1 0 1 1 0 1 1 2 1 4 0 1 0 0 1 4 2
0 1 1 0 0 0 0 0 0 0 0 0 0 0 0 0 0 1 0 0 0 0 0 1
0 0 0 2 1 1 0 0 0 0 0 0 0 0 0 3 0 0 0 0 0 0 0 0
0 0 1 0 1 1 0 1 1 0 0 1 0 0 0 0 0 1 0 1 0 0 0 0
0 1 0 1 0 0 1 1 0 0 1 0 0 1 1 1 1 0 1 1 1 0 1 0
5 4 5 6 5 11 3 5 5 1 4 0 2 3 4 1 3 1 4 1 3 5 8 5
0 0 0 0 0 0 0 0 0 0 0 0 0 0 0 0 0 0 0 0 0 0 0 0
0 0 0 0 0 0 0 0 0 0 0 0 0 0 0 0 0 1 1 0 0 0 1 1
2 7 2 1 0 0 0 0 0 1 2 0 1 2 0 0 0 0 0 0 2 1 2 1
0 0 0 0 0 0 1 0 0 0 0 0 0 0 0 0 0 3 0 0 0 0 1 0
0 0 0 2 0 1 1 0 0 0 1 0 0 0 0 1 1 1 0 0 1 0 0 0
0 0 0 1 0 2 0 0 0 0 0 0 0 0 0 0 0 0 0 0 0 1 0 0
0 1 1 0 1 1 0 1 0 0 0 1 0 0 1 0 3 3 3 3 0 1 2 0
0 1 0 1 0 0 0 0 0 0 0 0 6 0 3 0 5 3 2 1 0 3 0 0
0 3 1 5 5 0 1 9 2 6 3 2 1 1 0 0 2 2 2 7 4 0 6 4
0 0 0 0 0 0 1 0 0 1 1 1 0 0 0 0 0 3 0 0 0 0 0 0
0 1 0 0 0 0 0 0 1 0 0 0 0 0 1 0 0 0 0 0 0 1 0 1
1 3 0 0 1 0 0 1 0 0 0 0 1 2 0 0 0 0 0 1 0 0 3 1
0 1 0 0 1 0 0 0 1 0 0 0 1 2 0 1 0 0 0 0 0 0 0 1
1 0 1 0 1 0 0 0 1 0 0 0 0 0 0 1 0 3 3 1 1 1 0 0
1 0 0 1 0 0 0 1 0 0 0 0 1 1 0 0 0 0 0 0 0 0 1 0
1 28 1 0 1 1 1 1 2 0 0 0 2 31 1 0 0 2 1 1 0 0 1 7
0 0 3 0 1 0 0 0 0 0 0 0 4 0 0 0 0 0 0 0 1 0 3 0
0 0 1 0 1 1 0 0 0 0 0 0 0 0 0 0 0 0 0 1 1 2 0 0
1 1 0 0 1 1 1 0 1 0 0 1 0 0 0 1 0 1 0 1 0 2 1 1
0 2 0 2 0 3 0 0 0 0 0 0 1 0 0 0 0 0 0 0 0 0 0 0
0 0 0 0 0 0 0 0 0 0 0 0 0 0 0 0 0 0 0 0 0 0 0 0
0 1 0 0 0 0 0 0 0 0 0 0 0 0 0 0 1 1 0 2 1 0 0 2
1 0 0 1 3 0 2 0 0 0 2 0 1 1 0 0 0 2 1 0 0 1 0 0
0 0 0 0 4 0 0 0 2 0 0 0 0 0 0 0 0 0 0 0 0 0 0 0
0 0 0 0 0 0 0 0 0 0 0 0 0 0 0 0 1 0 1 1 2 1 1 0
2 1 0 1 1 2 1 1 0 1 0 1 2 0 0 1 1 3 1 1 1 0 0 4
0 0 0 0 0 0 0 0 0 0 0 0 0 0 0 0 0 0 0 0 0 0 0 0
3 5 3 4 6 3 7 0 1 1 1 1 0 8 0 1 2 1 5 6 1 2 2 5
2 1 0 0 0 0 0 0 1 0 0 0 2 0 0 0 0 1 0 0 1 1 0 0
3 0 3 0 2 1 0 1 2 2 0 0 0 0 1 0 3 1 2 1 0 1 1 2
1 1 0 1 0 2 0 0 0 1 0 0 0 1 1 1 0 2 0 0 1 0 0 1
2 3 2 1 1 2 0 1 0 0 1 0 0 3 3 0 1 2 2 2 0 2 1 0
0 0 0 0 1 0 0 0 0 0 0 0 3 0 0 0 1 0 0 0 1 0 6 1
1 1 0 2 0 0 0 1 1 1 1 0 0 0 0 1 2 1 1 1 1 0 0 0
0 1 0 1 0 0 0 2 3 1 1 0 0 0 0 0 2 1 1 1 1 1 0 0
1 0 3 1 0 1 0 0 1 0 0 0 0 0 0 1 0 0 1 2 1 0 1 2
0 1 3 0 1 0 4 0 0 0 1 0 0 2 0 0 0 0 1 0 0 1 0 2
0 0 2 3 0 1 0 1 0 0 0 0 0 0 1 0 0 1 1 2 0 1 0 0
1 0 0 5 0 1 1 0 0 0 0 0 10 0 0 0 0 0 0 0 0 0 11 1
0 1 0 0 0 0 0 0 0 0 0 0 0 0 0 0 0 0 0 0 0 0 1 0
0 2 3 2 1 0 2 3 0 2 0 1 0 1 1 0 1 3 1 2 1 3 5 2
1 0 2 1 2 0 0 0 0 2 1 0 0 0 0 0 0 0 1 0 0 0 0 1
0 0 0 0 0 0 0 0 0 0 0 0 0 0 0 0 0 0 0 0 0 0 0 0
0 0 0 0 0 0 0 0 0 4 0 0 1 3 0 0 0 0 0 0 1 2 0 1
1 3 0 0 0 0 0 0 0 0 0 0 0 0 0 0 0 0 0 0 0 0 0 1
0 0 1 0 0 0 0 1 0 0 0 0 0 0 0 2 0 0 0 1 1 0 0 0
1 1 0 0 2 0 3 1 2 0 0 1 0 4 0 2 0 0 0 1 0 3 1 0
0 0 0 0 0 0 1 0 0 1 0 0 0 0 0 0 0 0 0 0 0 0 1 0
7 8 3 3 5 0 2 2 3 4 12 8 7 12 8 3 3 5 12 6 15 7 11 5
1 0 1 0 0 1 0 0 0 1 1 0 0 1 1 0 0 1 0 0 0 1 0 1
0 1 0 0 1 0 0 0 0 0 0 0 1 0 0 0 0 0 1 0 0 0 1 5
2 2 3 0 1 0 1 0 0 0 0 0 0 0 0 0 1 0 1 2 1 1 1 0
0 0 0 0 0 0 0 0 0 0 0 0 0 0 0 0 0 0 0 0 0 0 0 0
1 1 0 0 0 0 0 1 3 0 0 0 0 0 0 0 0 0 0 0 0 0 0 1
8 4 8 6 3 2 3 2 1 2 3 3 0 0 1 4 3 1 3 8 3 6 2 5
1 2 1 0 0 0 0 0 0 0 1 0 0 1 2 0 0 0 0 0 0 2 0 0
7 8 9 8 8 1 3 4 4 2 5 2 1 3 2 5 2 6 5 9 8 7 4 7
1 2 0 0 0 0 6 2 2 0 1 0 0 0 0 0 0 0 0 0 0 0 0 2
0 0 1 0 0 0 0 0 0 0 0 0 0 0 0 0 0 0 0 0 0 0 0 0
0 0 0 0 0 1 1 0 2 0 0 0 7 0 2 0 1 0 0 0 0 1 3 0
1 2 3 1 0 0 0 0 1 0 0 0 0 1 0 0 0 2 2 1 0 3 3 3
1 0 0 0 0 1 0 0 0 0 0 0 0 0 0 0 1 0 0 0 0 1 1 1
0 0 0 0 0 0 0 0 0 0 0 0 0 0 0 0 0 0 0 0 0 0 0 0
0 0 0 0 0 0 0 0 0 0 0 0 0 0 0 0 0 0 0 0 0 0 0 0
0 0 2 0 0 1 2 0 0 0 0 0 0 0 0 0 2 0 0 0 0 1 1 1
0 0 0 0 0 0 0 0 0 0 0 0 0 0 0 0 0 0 0 0 0 0 0 0
0 0 0 0 0 0 1 0 0 0 0 0 0 0 0 0 0 0 0 0 0 0 0 0
0 0 1 0 0 0 0 0 0 0 0 0 0 0 0 0 0 0 0 1 1 0 0 0
0 0 0 0 0 0 0 0 0 0 0 0 0 0 0 0 0 0 0 0 0 0 0 0
1 3 4 2 0 3 1 1 2 0 0 0 0 1 1 0 0 2 1 2 1 0 3 0
1 0 0 2 2 0 1 0 0 0 0 0 1 1 0 0 0 0 0 2 1 2 2 3
0 0 1 0 0 0 1 0 0 0 0 0 0 0 0 1 0 0 0 1 0 0 0 0
0 0 0 1 0 0 0 1 1 0 0 0 0 0 0 0 0 0 0 0 0 1 2 0
0 0 0 0 0 1 0 0 0 0 0 0 0 0 0 0 0 0 0 0 0 1 0 0
1 1 0 0 0 0 0 0 0 0 0 0 0 0 0 0 0 0 0 0 1 0 1 0
0 0 0 1 0 0 0 0 0 0 0 0 0 0 0 0 0 0 0 0 0 0 0 0
0 0 0 0 0 0 0 0 0 0 0 0 0 0 0 0 0 0 0 0 0 0 0 0
0 0 0 0 0 0 0 1 0 0 0 0 1 0 0 0 0 0 0 0 0 0 0 0
0 2 1 0 0 0 0 0 0 0 0 0 0 0 0 1 0 0 0 1 0 4 1 2
1 0 0 0 0 0 0 0 0 0 0 0 0 1 0 0 1 0 1 1 0 0 0 0
0 0 0 0 0 1 0 1 0 0 0 0 0 0 0 0 0 0 0 0 0 0 1 0
1 0 3 0 1 0 1 0 0 0 1 0 1 1 2 0 2 3 0 0 2 3 2 2
0 0 0 0 0 0 0 0 0 0 0 0 0 0 0 0 0 0 0 0 0 0 0 0
1 0 0 1 0 0 0 0 2 0 0 0 0 1 0 1 1 0 0 0 1 0 0 0
0 0 0 2 0 0 0 0 1 0 0 1 1 0 3 0 0 1 1 0 3 2 1 0
0 0 0 0 0 0 0 0 0 0 0 0 0 0 0 0 0 0 0 0 0 0 0 0
0 0 0 0 0 0 0 0 0 0 1 2 0 0 0 0 0 0 0 0 1 0 0 0
0 1 0 0 0 0 0 0 0 0 0 0 0 2 0 0 0 0 1 0 0 1 0 0
0 0 0 0 0 0 0 0 0 0 0 0 0 0 0 0 0 0 0 0 0 0 0 0
4 0 0 0 0 0 0 0 5 0 0 0 0 0 0 0 0 0 0 0 0 0 0 0
3 2 0 0 0 0 0 0 0 0 0 0 2 1 0 0 1 2 0 3 3 0 1 5
4 2 0 0 0 0 0 0 5 0 0 0 0 0 0 2 0 0 0 0 0 0 1 0
0 0 1 0 0 0 0 0 0 0 0 0 0 0 0 0 1 0 0 0 0 0 0 0
0 0 0 2 1 0 0 1 0 0 1 2 0 1 0 0 0 0 0 1 0 0 1 0
0 0 1 1 0 0 0 0 0 0 0 0 0 0 0 0 0 0 1 0 0 0 0 0
0 0 0 0 0 0 0 0 0 0 0 0 0 0 0 0 1 0 0 0 0 0 0 0
0 0 0 0 0 0 0 0 0 0 0 0 0 0 0 0 0 0 0 0 0 0 0 0
0 0 0 0 0 0 0 0 0 0 0 0 0 0 0 0 0 1 0 0 0 0 1 0
0 0 0 0 0 0 0 0 0 0 0 0 0 0 0 0 0 0 0 0 1 0 0 0
0 0 0 0 0 0 0 0 0 0 0 0 0 0 0 0 0 1 0 0 0 1 0 0
0 0 0 0 0 0 0 0 0 0 0 0 0 0 0 0 0 0 0 0 0 0 0 0
1 0 0 0 0 0 0 0 0 0 0 0 0 0 0 2 0 1 0 0 0 0 0 0
0 0 2 0 3 0 0 0 0 0 0 0 0 0 2 0 5 0 2 0 0 0 1 1
0 0 2 0 0 0 0 0 0 0 0 0 0 1 0 0 0 1 1 0 0 0 0 0
1 0 0 0 0 0 0 1 0 0 0 1 1 1 0 1 0 1 0 1 0 0 0 2
0 0 0 0 0 0 0 0 0 0 0 0 0 0 0 0 0 0 0 0 0 0 0 0
0 2 0 0 3 1 0 0 0 0 0 0 0 2 1 2 5 0 4 3 1 0 1 0
0 0 0 2 0 0 0 0 0 0 0 0 0 1 0 1 0 1 3 4 0 1 3 0
0 0 0 0 0 0 0 0 0 0 0 0 0 0 0 0 0 0 0 0 3 1 2 0
