25 959.487280553484 1207.00307506671 0 0 2807.82233708987 4239.54908323079
6 463.255824372509 1623.80256299442 0 0 789.747412033173 524.809338405427
19 381.822661545917 1769.98036603091 0 0 3521.29069656167 5766.37014482828
4 247.782104188274 582.10650278731 0 0 228.65736117519 25.6174611602307
3 1828.71380117323 742.700612509 0 0 0 227.06748417486
0 817.132412130968 0 0 0 0 0
48 1162.08317788511 1224.50527036825 0 0 929.725279183804 5382.39658980983
20 98.5760466186581 277.735872780414 0 0 781.308403558716 1438.55580861935
21 0 1100.69563075242 0 0 965.810774470777 2180.49256251181
1 851.932140841508 359.536145745968 0 0 0 0
205 1805.15382001464 3452.99849413917 0 0 4838.91164285045 24903.3747156802
142 796.728981159116 2395.66842889102 0 0 3929.38978898132 28128.6100559169
97 200.234038964748 1332.49003972142 0 0 4983.71650807069 13325.4936841774
12 858.936981658876 1096.91811765752 0 0 589.488784615323 402.573992085197
134 0 0 0 0 2161.7298988796 17169.4309892964
88 549.443164537499 7001.34194259077 0 4516.28918235041 3860.26873564156 7323.61878713779
61 0 0 0 0 2812.74159205095 6230.27803833459
93 567.069824656406 2496.22586429635 0 0 3295.43411478054 14958.3178726005
32 1189.54148188113 1623.06899079996 0 0 1394.0684218296 3821.54304737812
95 461.349071828955 1401.47973760004 0 0 3089.15258360645 12226.825121794
138 0 0 0 0 5047.77198910078 22488.0697767091
2 108.204098873411 1622.44704987765 0 0 226.673410837374 20.1943686982509
101 460.145655888437 1600.45444391688 0 0 3598.75478124411 11680.0780135501
23 1991.35095222642 1943.55294331365 0 0 3562.32341146745 1838.07117492249
65 0 151.460001872364 0 0 4622.18258848236 9307.27468639671
24 133.092525477138 572.097526968162 0 0 1551.80448070988 2595.9688099524
61 0 0 0 0 1546.35111894131 5749.0400323409
66 0 0 0 1556.12242763138 1738.66204325493 9756.67514452152
27 99.1775367484376 198.440755732894 0 805.466160383289 767.607504508552 1751.60305457912
14 755.430298405324 435.046522596889 0 0 1690.32809337502 1049.2470017186
138 99.1775367484376 344.710746775493 0 1324.2031705344 2097.40112676146 17856.4940420175
0 500.074431568564 852.006167978197 0 0 0 0
0 533.160223538344 247.165691772451 0 0 326.372405639149 0
2 0 0 0 279.957558477321 54.2265876346096 148.805481296654
395 0 0 0 2486.18415649748 2950.56219300514 33844.2997878272
215 0 0 0 1109.65784933282 2045.64709666334 34137.1847923231
89 0 0 0 696.489787398065 1701.84873670596 13779.1875778506
151 609.57078257876 1136.02082552384 0 584.843919796488 2504.8995273976 18115.7644707182
17 131.924932915683 316.410367539965 0 0 894.438693631689 1293.79615198366
203 0 0 0 912.378631759805 4386.3718900292 33344.2555387903
214 178.857530225017 181.195803737171 0 0 4280.91914314152 30474.1761673006
47 271.815494705131 599.31588346226 0 863.047400498579 799.028600285466 4717.51988092841
142 0 0 0 2761.07633741462 1114.58764328591 24651.2537511141
345 574.574974207496 1258.77654173482 0 2427.58984090019 3980.85191173028 46423.8261534707
33 1166.02768386521 1397.29489985629 0 692.627741073197 0 3656.11353571508
41 563.563478167701 1552.28628814745 0 257.587499240904 449.788655538402 4260.80650144843
340 0 0 0 0 3946.5213789834 48702.7012840478
81 1420.32211961821 2337.79978051286 0 0 1661.44161137174 9397.51742400784
404 0 0 0 9022.84949676884 3064.48596351731 56373.9857085134
2 80.981520025585 191.837887314527 0 0 219.362993142231 326.130606456698
16 264.106155633167 825.347898222431 0 0 660.23982126137 1247.47270263161
52 651.916960972281 1907.55642314635 0 0 2237.62634661055 5475.57159901958
242 0 0 0 0 2937.92030198199 33403.7110553303
216 690.521102948637 1270.72927910916 0 508.745025212793 3062.42095535817 31207.4731385103
237 261.440467945223 417.658923128551 0 0 5612.04040188332 33097.1435951329
40 349.348450134919 1249.07511888429 0 0 1675.28559003812 4412.37547864569
117 0 0 0 0 2272.58171403314 14319.5066394697
113 112.574313412562 386.232661994643 0 0 2504.06951554673 15456.2827110221
47 0 0 0 0 1576.49539084637 5898.65250903366
78 0 0 0 0 1570.92025961369 8061.06590175828
434 0 0 0 0 6433.92843130416 69974.1570479189
221 0 0 0 0 3311.51613222997 23580.0049649096
21 303.975745270563 464.863791589776 0 0 859.343536180207 1479.5300057403
305 0 0 0 0 2952.45943914202 34405.0312349733
108 0 0 0 1688.88972020828 1475.1140224953 14540.175907161
231 386.077780626825 1907.47609410573 0 722.734505888823 3547.6946376237 38344.8266005001
60 802.221786251528 1858.35246564738 0 61.8737087815511 903.458879644134 8321.1964995813
49 0 0 0 0 1845.26555636053 6783.77267400032
4 0 0 0 0 364.134761974925 398.205674154864
104 0 0 0 711.058269844505 1781.41364215857 13902.3541512761
4 0 0 0 0 211.136600982297 384.561342892189
13 0 0 0 179.82102588873 447.848159883192 636.042181882239
223 0 1021.17846708315 0 1003.89783503715 4120.22662404846 28848.7922478054
7 0 0 0 75.8733505845893 393.198550105415 528.981215028918
176 0 0 0 608.615818154241 5238.35952034242 26867.7527634621
89 0 0 0 573.327106166853 1501.7336809092 11756.7773128276
137 444.250256762773 990.865133085768 0 2759.05330147319 1691.27028368487 16717.434320147
7 0 0 0 0 476.47522793533 488.829070560926
197 0 0 0 1023.62539550507 5846.5153785295 28100.8783604537
215 685.91605941993 1304.24939027949 0 1263.05012161738 3111.98351942107 27099.8131818818
121 0 0 0 0 3513.10685721305 16310.7376329112
17 0 0 0 0 563.530902428874 1109.99147887992
176 0 0 0 0 4131.80170514303 20600.7416418639
36 0 0 0 604.75281834354 957.980677617075 3227.68369768001
101 558.526851694042 804.106034125196 0 1088.64989087275 1969.71450555027 9905.61204286972
26 427.923520836261 661.305573409075 0 501.47561578506 656.593767062558 1532.38707026539
105 1148.14898745582 511.798221273446 0 39.9949168308766 4628.74479288315 11347.1611707203
32 594.190708429411 238.223312997847 0 0 1592.86309682642 2588.91833904563
113 428.886583014644 0 0 507.501895984869 2162.48984955923 15364.2142513703
84 0 0 0 0 2458.97310199297 15824.9794476499
13 0 1368.96561193363 0 0 242.714164899079 2965.5746995351
4 824.197336568502 1797.65396585327 0 0 245.484418461567 740.054981199378
56 0 0 0 0 1800.3666191744 8942.46148207881
67 1572.32521054345 1263.92232098433 0 898.564752656018 1039.39837480843 7112.39034727823
51 2541.21561537955 2427.53257310093 0 629.622916916909 27.6992917779257 3433.64652718093
69 3540.88529269059 5129.33202001832 0 79.0075375300878 1083.31204159117 9115.51005379474
32 692.574586775296 1017.52698946311 0 616.816576377516 567.940951096633 2770.50826721892
54 1462.02125871995 1844.37566159715 0 617.348633275305 1722.15452268105 8058.30152830966
23 295.514957697348 1269.92243971145 0 195.579123271703 887.55442438026 1459.37540456867
15 0 0 0 343.669444757632 777.066377575561 1260.29668355501
76 288.533938677527 1230.43980536642 0 1784.70113181803 916.411531901815 7490.99289491066
20 0 0 0 0 2171.36131556637 992.72681135765
255 835.179449325788 1510.81398349368 0 1895.61894456599 4735.40623516607 47137.6568686225
79 523.171825630656 200.682832103894 0 386.90065532465 2428.43843354148 16029.0912064263
96 628.655356867887 8095.03796298198 0 0 6318.87228028175 7762.33985045365
77 226.904569152297 545.043190312535 0 1818.3518478675 121.619308614858 7144.97935173008
66 1180.05876430583 3913.27276543002 0 0 1511.29130045097 8199.03726203218
67 0 0 0 446.857403957992 1587.97542623108 13303.414785017
143 0 1084.91706551918 0 1658.20128672322 1945.25555869253 13994.2486593964
99 0 0 0 0 2695.1583245915 15578.2350330567
75 1039.09003168831 183.695194624347 1610.22195398123 1483.85898184106 0 6503.11333413096
11 0 941.361779069325 0 0 260.874818923907 938.400077178881
57 148.299721664022 0 1313.09504214877 903.954825290846 0 4882.77257882328
73 0 0 0 0 2142.98782202214 11683.5159675361
31 78.6613533603915 0 1827.44595906029 739.281915828184 147.360352453309 1707.96588867305
19 0 0 1624.14247075656 698.975606810762 0 2157.1267688014
87 0 0 2073.52884679876 1469.45966442661 381.81437415102 9808.37550780752
101 0 0 0 778.301475651137 1774.94508338941 17516.2382848293
38 151.078401369821 0 312.857518270964 1493.86240617139 0 2069.44511227549
28 316.1081969583 0 0 741.24875466657 383.610679597106 1492.61152280677
25 0 0 1067.20877016749 527.547131144373 245.700054040166 3468.11122516562
21 0 0 641.518203389415 311.373805518518 315.890485616932 2372.83476926069
25 0 0 0 338.881122683475 802.409426742075 2387.18188542386
16 0 0 291.725656919147 982.773173482526 0 855.781541334262
63 102.43326080307 2558.63519122332 0 0 3766.79421733867 6035.13941260243
24 0 0 0 890.682103128028 19.5308533167834 1997.85251199657
29 0 0 0 664.810511414312 235.352332062746 1597.81510629485
15 239.237414817473 71.9504538121093 1752.16874490147 0 300.788946316368 1270.75214100561
20 0 0 0 599.693139199919 354.989944490919 1414.025062992
11 0 0 0 553.565158639611 0 659.940832997068
36 0 0 0 1343.67639553993 615.632835694016 2949.382101243
237 280.135417416805 776.773620736871 0 515.611001450555 4432.09840926089 38312.8623616571
15 0 0 0 605.296170839344 122.326252924984 1090.97108684128
39 0 0 0 563.798348501727 799.495701201449 3523.39996903307
23 0 0 0 879.846188875067 381.435054795022 2327.66956974289
19 834.814837334246 0 0 347.824751492813 731.535605539031 559.306197509987
36 0 0 0 0 1247.13869978113 4553.72314687419
48 1053.68876179384 1964.80900282604 996.243064305408 221.281511669521 450.880449466848 3182.33248470088
17 0 0 425.881003915856 146.825796279095 651.467600354587 1018.75961857498
72 1227.70728433698 0 295.045112235846 1700.47674267302 77.5125239016664 5275.64411525549
13 0 0 396.088185790649 400.46412742118 245.700054040166 953.816183286244
29 1246.27629756014 812.406202787913 0 269.077523261453 289.790688311673 2889.71541452906
44 0 0 0 176.661497869659 1062.90765827388 3980.24395045841
31 727.68377557016 1133.2142361725 0 262.5105924972 1036.19631017545 2459.78858783545
23 0 0 0 682.069853188969 757.00127695518 2818.72377822678
17 0 0 0 422.931285178789 637.639823813964 2268.10357949764
39 0 0 0 0 3034.33700227597 11353.4340450612
124 0 0 0 410.325251774308 2686.5015303601 13138.1606987411
72 0 0 0 0 2021.74349441782 12864.0798024288
45 1236.51788934598 1254.17836095318 762.536667160163 595.163870548658 196.326978149923 5184.16194225026
120 278.659329537171 1412.68475202502 0 241.273655032896 2989.95210845355 14703.6737374882
22 0 0 0 0 834.565522676373 2356.48517528421
25 0 0 56.9148653962365 757.720203514798 0 2293.5709765709
41 0 0 382.764929210533 1656.66375542266 93.7473574705233 3176.86619033845
7 124.214028299444 407.887979348885 436.298609143476 0 0 704.690281446845
63 378.08615624652 0 2360.11247427006 1162.77291528732 736.990880059361 7778.2288054724
8 55.5358497994346 54.6358457936416 531.829753972509 0 0 232.076770623781
49 0 0 0 0 1514.04177521112 7083.17449529362
39 314.781830379491 2438.82422613973 0 844.286292358582 1768.70577691172 4057.74859421218
29 0 0 0 48.0886995008015 1348.2690445048 2555.66666430767
18 0 0 0 131.044720544192 1137.92138921328 2751.37823232834
9 215.904429439983 253.734876009359 460.085471476933 28.421712541649 0 250.357178456464
83 707.296994088855 3076.51775778355 0 1281.29238607271 977.979930948635 9439.04479048644
11 311.370891211659 945.884499901074 0 79.8330326206013 131.593669450685 826.716563460726
26 0 0 0 840.12915097272 538.747635929256 2316.50272134456
139 903.833943176169 874.941225452896 0 0 4875.39553276567 19284.16169144
8 0 0 656.603488299248 49.3925441514909 0 571.388720007696
24 0 0 379.772820657366 469.247611084354 601.309241584722 2904.86399306249
166 0 0 0 0 3917.02256019782 32342.5943824212
120 0 0 0 672.492571615068 2241.54486276429 19447.1327745089
4 0 0 335.462565878295 87.9275212123187 125.476877920401 358.501642522292
38 1255.1798348489 758.194454066957 432.081394386678 1243.02542773052 0 2997.09067690404
31 0 0 0 118.792969783377 1283.80594345686 4085.60647925447
26 0 0 0 93.7453545403108 1113.58655012233 1947.15065059703
14 732.582555595453 370.765359206395 0 117.57681265294 983.927214183449 697.567883966195
20 0 0 0 176.547591470843 634.677471530268 1506.75808735255
51 0 0 580.049873200376 476.784769007678 963.058897210735 3798.30776655352
19 0 0 0 161.537345550322 989.958298939372 2026.18952840534
70 0 0 0 243.414966607719 1622.74367276716 11229.1536417242
63 0 0 0 0 1691.43979337738 10824.6850089494
32 219.220222659641 0 276.929373419423 1072.29860566512 602.250267636539 3947.57555127142
23 73.5378775827868 0 0 111.51478125521 1229.41808435965 2133.08068194805
26 0 0 0 387.920256709182 701.05732241551 1571.69508923347
16 124.618854500922 731.30262123887 0 0 701.024059020931 1512.07053346024
11 0 0 0 200.658407687336 394.994926752864 1212.95768385085
71 84.1688167912487 2355.51737717241 0 982.110101644007 1461.00613897798 8928.13494215613
41 0 0 0 1221.17630743754 366.119278655894 2411.02644000322
54 52.9702315302191 1280.78684247202 2359.53626441737 0 508.748094414692 6956.30437849184
48 0 0 0 0 1381.7941050721 6557.05879673282
15 0 0 228.475042429112 308.709531722988 552.611541918625 1810.10656242968
4 0 0 0 0 236.412359173542 214.310690509842
51 124.618854500922 611.325681986311 0 88.5898538801353 1831.10023139129 6891.42241370763
13 0 0 0 131.044720544192 570.173399969321 1296.56181411061
31 0 0 0 1637.90671491563 90.5468475724871 3955.63386753123
53 0 0 0 726.915363983953 1060.4384119672 5235.13727462024
72 342.69739234029 0 0 897.567608924219 885.400918126064 4103.00637940531
38 0 0 0 519.882824035744 1284.74779800298 3295.93177727841
13 181.222813568275 672.291210869063 0 0 236.113017776549 1045.4400627514
33 0 0 0 295.95774504699 241.887836584015 1410.12037126511
32 0 0 0 1414.96717814072 51.7722598624344 3389.43036249233
73 0 0 0 129.921370680138 1481.73415860314 4452.03007699296
11 0 0 0 0 683.854858668454 858.61352531848
16 0 0 0 254.231278023833 157.165062277273 578.024185225219
26 0 0 321.026431557973 0 885.756303112575 3145.65175558327
106 0 0 43.5842954523991 2605.64793145924 250.53253904095 9691.56752007639
62 0 0 0 2289.53984925543 347.38766650042 5192.07419552403
51 0 0 0 472.881495407709 899.676316275208 7074.6387145994
15 0 0 0 128.243082117889 536.501668694912 880.464558485186
112 0 0 0 0 2372.51363401327 18787.1757195039
85 0 0 276.666701069459 212.448517300282 1877.80533195436 8002.0391016444
28 0 0 0 477.618164057619 870.83161988583 3057.84628029352
42 598.68489632045 0 1233.67260998965 1296.60111830745 0 2205.8241074377
58 0 0 0 0 2017.35648086605 8992.06901491916
26 0 0 0 1073.40125773499 686.37329365044 2537.17157522678
221 81.3266755524697 602.741183759081 0 2264.40361358023 774.84076996377 20352.5805774175
45 281.345575928464 556.079343574161 0 0 1711.29529943997 5010.81041447251
56 0 0 283.085464871373 0 1813.41773558847 5708.84632624751
63 0 0 0 492.832036792472 476.754080419967 2885.85435491701
54 0 0 0 0 1398.4907826141 6933.33267121705
169 0 0 0 727.06066785696 2521.66753877522 34229.8406634454
42 161.259680860846 0 0 1244.42396179927 777.617932846962 3925.82028641203
37 0 0 0 258.163714245985 1575.28547150812 5382.33689700431
43 0 0 113.938609275656 186.085753550103 1169.72125739986 4057.96069747041
16 123.022949714508 737.764947053063 0 0 1352.50443623362 1391.55961648045
28 0 0 0 1411.93409798838 178.391898731901 1134.07690143311
53 366.692450586917 1598.7989935347 0 0 816.327974700722 4883.14624446403
28 447.338797419416 552.212098464771 317.45177944413 296.831041306954 252.367075154553 1281.69498876151
11 0 0 0 0 758.694797815629 1454.96111438552
67 0 0 0 724.194444299582 100.220146833893 2517.45274466024
201 374.966733609829 1548.19906602827 0 1696.33234859007 1722.31086286215 31045.4623874829
85 0 0 0 481.966027507264 2215.05145872081 11695.3063780555
23 162.307111607974 0 77.4876386269751 370.310041446482 504.104116732928 1468.38267917274
110 984.269823813831 2684.9686916043 0 3372.69186289739 130.186033829572 12540.6310321996
28 98.0503740071494 335.275827029497 0 847.630539869996 548.214977401178 1990.16475650881
25 0 0 0 958.577822024092 924.930079575245 2470.36842209179
9 354.812380833515 273.926437059568 0 0 708.977563395021 617.133694092055
25 15.5768109846591 0 198.079978765142 619.960892804358 388.677339376527 1956.23129729624
32 249.72943274658 461.335216523741 0 1241.28892054883 197.684772558748 3294.97329643462
54 0 0 0 543.359002821678 1442.69038044713 6897.25496116069
29 367.924555855638 486.525968337629 0 0 1304.32147194705 2926.41944879548
9 0 0 0 325.684969484781 306.441401789795 361.535939408703
23 0 0 0 459.423074556109 412.538539497537 1438.03756661851
5 0 0 0 250.775797834518 139.798540341525 391.547781829196
10 0 0 0 468.222239541385 193.260402016847 726.088765997443
4 0 437.387920356983 0 0 689.59360610873 155.551393865057
36 0 0 0 670.233299967625 1200.93486998921 4698.73124772201
180 0 0 0 63.5872100122402 2996.68276519767 15058.1338927033
43 0 0 0 0 2495.36476635481 6317.09744871999
39 83.9335489741903 0 233.003296858925 0 1622.31455912743 3030.94031847408
36 229.58589480899 1259.90127909387 0 0 723.931359571833 4956.35761220282
49 0 0 0 0 1647.97103064197 6412.92090970571
108 0 0 0 915.346802552291 1783.85932236479 19262.4566725395
12 0 105.082862793758 0 0 638.206722317218 868.133979201979
32 0 0 425.917018937599 1191.35515629313 0 2697.06336944919
54 396.959182825815 1442.99099530076 0 553.068410221379 630.423862951087 6618.82368238672
9 0 0 0 243.60475344991 308.690253139265 566.332998477066
19 266.111555924937 373.197042562687 0 276.655179421584 959.483297047303 1835.95480743471
51 0 918.557602320719 0 0 1145.4125002065 4856.28164907642
24 151.461204583963 540.447133141788 0 572.285242697163 532.825838003126 2724.2732069941
68 0 0 0 1826.11542374329 911.202634234648 8671.69984774383
230 0 0 0 991.109573756574 2682.46161691084 34018.7981185227
47 0 0 0 637.340099425668 1328.18912406086 8777.17281379459
3 0 0 0 171.188888318942 255.025533656806 465.033147364005
41 305.768331608995 964.302349988718 0 0 1453.39304675559 4373.02856123094
58 0 0 0 0 1510.48191179751 7205.13772062546
253 0 0 0 618.680757808673 3253.42157863414 26974.1044574062
24 402.825502772186 918.69657949673 339.217242431045 846.039243084009 0 1864.37551243199
21 0 0 0 0 1075.56609589714 2846.21452929873
17 0 0 0 397.467458668777 862.662770364938 2746.36185524496
58 0 0 0 261.355077475455 2086.49290150993 5348.84152418572
49 0 0 0 400.375295771203 1198.77068655127 6152.47950795303
45 1303.95639113106 3969.46049251188 489.63442922117 3794.69853828199 0 3969.97514390583
20 489.420778642116 0 0 335.664280970968 254.386786098517 1351.17409910266
21 345.791775452431 406.813988785012 0 300.443860410522 531.235617364665 1550.05132446481
34 0 0 0 1325.23726567607 26.9524332869641 4547.15272186312
220 1498.3312122841 5288.55897601365 0 4116.09808537609 97.4054004182525 28744.0460543716
39 0 0 0 594.623769926666 1736.20484102562 5445.22900877088
36 230.671660261615 435.561855690917 0 263.88917027538 1970.04844549228 2177.82465652428
2 0 0 0 0 165.754489501815 100.637511335363
22 0 0 0 546.576019308558 717.952101136834 1466.67677582173
10 0 147.020184461034 0 346.854458429504 0 702.331817892498
33 0 0 0 866.008121696363 733.202615182063 3298.56649033468
23 617.577423135592 842.379418610693 279.953372090705 1041.14339507608 0 2026.05779650483
42 0 0 0 745.608646771961 903.758018552452 6362.77385354092
53 0 0 0 590.091637634192 1184.77013148187 7789.22092892573
77 0 0 0 540.552596019355 1028.59099258357 9950.96031890683
36 28.6878675708433 0 0 1739.78911911324 41.6111285672703 2580.65274277417
34 0 0 0 556.561773974198 902.003496993895 3296.78333374011
102 0 0 0 496.528357955513 1775.44996937293 17820.4586911376
77 0 0 0 1306.71976740407 952.702941901624 9802.26809827357
50 0 0 0 1466.13431799621 631.329245486764 5420.40987881405
51 0 0 0 1064.08758077629 978.221243025099 9977.15183258862
4 0 0 0 124.243503075863 170.755815387211 315.92936855085
5 223.246561964455 1007.28591059874 0 592.864552370736 0 208.7247930086
126 0 0 0 706.600026892662 1633.99319815689 14670.4566313738
29 101.245511144585 0 0 416.746637462357 1811.05574871567 2736.72686142159
8 171.462109641131 426.747708972076 0 516.208103117403 0 452.850794391919
64 249.585423887901 500.645871484955 0 1008.96958378678 1935.396899337 6532.08534808375
32 0 0 0 833.640276720097 608.529316906443 2332.53225934399
10 415.669286147769 0 0 587.254727708769 423.106998326976 244.601389917685
88 1453.11771571998 537.581861775264 0 4521.54164421196 1283.17963471332 11352.051982744
76 0 0 0 0 2341.15699259371 15151.6287406371
11 301.492232115807 755.070690454755 0 0 397.914880716085 1605.01779040388
14 0 0 0 549.752470352762 138.285042160083 1991.97489797791
37 210.422398373571 391.607047862933 0 442.648376865724 1085.37032891072 2910.74665046344
14 255.29386474889 881.550681928566 0 444.155250985126 0 1099.41443325679
39 301.492232115807 608.718950808458 0 545.831901358861 718.617396272981 4800.78281567066
9 134.686824858849 0 0 577.777921232355 0 801.162539813024
29 0 0 0 182.290740419961 1180.70912912587 3958.38713441124
32 0 0 0 626.919589101917 702.081792828997 5076.50887724177
65 0 0 0 1149.39620298264 1144.63187357896 8625.42808685486
65 315.965648450677 354.647144355287 0 1076.10418158963 1213.17399132042 7394.62149047745
210 0 0 0 1870.48880220208 1992.90651515084 24195.3246379755
16 0 0 0 75.6546381995728 1062.31446769474 870.299753117035
80 0 0 0 2102.88821893168 621.498863882073 14019.0817221792
94 0 0 0 780.426849251244 1852.86472530404 18108.3676758816
25 930.660876740208 1189.79783368975 0 2577.05461686457 0 2795.96301998468
279 425.422856789621 1179.39687070807 0 2239.95410056893 3214.94661364556 35008.9684880467
219 0 0 0 680.208250224185 1708.41744799788 22173.1633017668
3 0 0 0 204.667617626018 0 303.081548689738
12 0 249.874144029462 0 712.007806356817 0 744.399752775398
57 0 0 0 839.141760015759 1155.3800614094 10911.2716974622
22 0 0 0 181.892828178719 981.114275114941 1508.91461699364
26 305.173960789488 439.653236841806 0 1277.63615178129 135.540656551555 1854.05165784303
16 0 0 0 380.887934308729 547.755728487374 1072.27794434524
9 236.529296245583 0 0 1188.17379460674 187.473112349021 476.487093787082
7 166.521353273405 320.281112105424 0 113.977142907593 728.219191280511 383.549160194635
35 0 0 0 294.910907127628 1227.48975860587 4647.23198914952
8 0 0 0 390.505788202471 148.289773091115 1369.86635874146
24 63.1524152765232 667.106997692077 0 559.355055545076 269.953153310149 2376.19693486892
7 0 0 0 313.395099383392 204.552006255995 809.127143172934
58 0 0 0 393.959608542001 1640.91067359805 12577.4146888858
32 0 0 0 860.369502439192 881.802680219981 3436.77339883314
34 0 0 0 870.907610810111 822.416623662652 3290.40160591338
11 0 0 0 574.200876627622 132.062209616084 1230.22899963948
123 269.494278558149 594.871965776762 0 0 3199.16817086467 21055.0818627142
110 879.049612798444 3862.31334080888 0 3575.98247310145 254.638276562145 11973.4124432463
48 0 0 0 270.99242619195 1496.82372420698 3968.49613232409
33 147.686639019191 492.288548813314 0 60.3758506619937 1471.38259640062 2538.47445810438
28 0 0 0 511.791810175013 827.851668763253 2907.55187340935
22 62.92619653056 177.919886631509 0 911.673378925523 80.0192552176136 2361.80861310194
26 424.544218391798 1596.94714256144 0 1098.13805728455 93.548638896225 3026.29155015119
80 0 0 0 665.571507422157 1915.95875198847 15010.1874899124
95 0 300.26849529063 0 890.076483741024 1295.68411870153 10855.6891325371
122 0 0 0 1211.05376949033 1481.56788345811 19910.3600456726
231 0 0 0 1868.6114220668 2276.09366153638 29080.0582820011
10 0 0 0 803.360307455495 0 1400.5128390275
54 0 0 0 727.618255707511 1474.5013559044 6970.4407154752
164 0 443.382252951152 0 2042.26861600004 1091.31093360637 20175.1714884053
41 0 0 0 87.7104870205817 1426.57074756321 6394.99231246677
54 0 0 0 389.364646352287 1418.49000493174 11078.1680601185
14 0 0 0 633.772560637329 499.856414106887 1833.87979947185
14 0 0 0 457.895680360304 301.936699444016 1725.48354973782
94 0 0 0 597.011645274134 2119.9862224631 18864.6093628542
23 127.990600202235 1006.34895766814 0 794.205316503149 0 3474.83485383623
38 0 0 0 181.129271240758 1252.15743356926 2635.1431764336
27 0 0 0 0 1268.79153953082 2088.80060399108
11 0 0 0 674.895075285947 189.770741551072 923.380765984086
39 416.766848581151 361.585804942199 0 1135.84758718211 323.382520167777 4809.20744030372
5 0 0 0 120.604590305855 231.621698029293 453.2752717556
36 0 0 0 1722.47561629309 133.603783504084 4499.07562636744
44 0 0 0 716.781490247959 1088.9678078582 6579.40266711375
244 0 0 0 1451.54291349396 1713.51396443118 40482.4856545408
14 120.070593984561 744.589267610439 0 0 492.941918759555 1175.69527244214
7 54.4997792884067 218.220771652591 0 393.176626199852 0 572.639884312914
95 0 0 0 154.36616062052 2518.28795983596 20051.5930701935
61 0 0 0 227.677637281904 1378.87400893274 7645.36371639274
50 0 0 0 922.979867073349 1017.0615734797 5480.33405654833
75 254.130676776545 1342.33360350456 0 2534.45719272913 2566.17613497404 9528.69767714054
6 0 0 0 104.498084123696 272.993440178973 657.521145361085
67 109.597807512099 2582.87526204591 0 1166.88528918242 99.1503841709252 10164.4441228375
32 0 0 0 151.405080419895 1733.84294671833 2286.89728117451
47 0 0 0 0 1894.50668108399 4319.07812354274
51 0 0 0 193.037443600537 2190.24932277534 8782.32829238838
15 0 0 0 744.84947957116 221.927455493413 1633.24110595712
20 280.384532563719 954.974291855147 0 778.864675683632 0 1138.38957275029
37 180.362484962861 788.920732720517 0 847.719985700758 450.424851820342 3570.12572962658
21 0 0 0 99.6953422605045 1673.68957958425 2858.6758811837
204 0 0 0 3022.73018129483 1850.87810166458 39115.2052255438
168 246.047562636241 897.242342799648 0 0 3875.01083376137 34498.3821208734
7 0 544.530267217551 0 0 393.499734628067 488.883300470001
190 2813.16648641472 4507.42367517771 0 3284.46149721834 1205.29072172252 28496.0060760606
94 0 0 0 1305.75760606416 980.145907168071 12167.7109872703
21 0 0 0 282.185711494275 509.481741684325 1912.09933730602
110 0 0 0 320.057692805744 1493.68760853479 8192.02382521349
83 400.608828700493 2807.99975216954 0 1918.01873663257 388.366709040732 11275.0754362987
9 0 190.037536535659 0 910.146348944276 0 545.835513646079
38 0 0 0 971.44722321217 928.414125433482 2561.27244584896
14 0 0 0 61.7774465865969 707.198835426592 1596.5468490805
33 0 367.576471633378 0 806.818315302197 760.748362186434 3446.56902327142
42 0 0 0 397.989581107856 1216.89532234918 4955.32897614681
40 1561.72187152915 0 0 631.337587088049 533.956020858649 5434.31212231614
4 0 0 0 0 284.661965839246 404.070914559682
23 0 0 0 186.230279760739 952.106147050658 2759.91628595539
128 0 0 0 1111.09246287516 1619.04453522746 23524.5060275975
18 0 0 0 297.608900424934 530.781517142429 1939.36648464203
22 34.1841081987064 289.638908298524 0 1252.30354266361 0 1776.04673851052
121 0 0 0 348.135345221665 2221.0658857061 25723.3541093383
79 0 0 0 1263.59693804572 641.271828048366 8724.457307107
87 2536.66022523097 1857.51925967502 0 1386.59890694027 712.938907316899 9114.19410174886
83 272.477209122674 414.135543915725 0 1039.07813497128 1294.44911963838 7443.55831659282
46 0 0 0 208.064315551098 1767.60406203414 9202.91381346673
163 0 0 0 1272.89724931755 2230.24504049002 31032.8888743549
8 85.7105485825344 0 0 302.986997523597 0 607.196739489063
128 0 0 0 1698.15521728583 1034.61286689032 18224.8030607606
9 0 544.530267217551 0 0 480.102042476203 605.529966304552
86 4975.96065894362 445.831093582119 546.846642441539 1090.56593160789 632.301194628226 6136.35854789682
210 2017.64091462611 3428.503275315 0 1026.28153319425 3329.37229766559 28761.1769235216
10 585.168329142952 0 0 1431.73019035549 396.634407125057 1256.16760076834
40 0 0 0 805.185835829005 938.93076197573 2756.27534897225
23 2707.01372310596 2176.742405319 0 918.327032363966 169.389077745418 2114.62570723659
58 229.530852406126 0 0 660.371476101186 1025.30552203458 5909.64442195623
15 80.6319919664196 1377.57346494736 0 261.974826345982 88.8980773646865 2418.05682733152
17 0 0 0 802.040384598584 301.794200664638 1434.84781558927
19 0 0 0 405.355950214216 390.692837102677 2259.78571563527
123 834.847897348448 2022.17745842936 0 2121.03398035619 0 14882.2365210821
42 0 0 0 675.425843210961 342.846619557168 2533.60198870221
94 189.891096473628 0 0 2709.10123138695 1586.20652294675 10912.0800337656
54 143.942683082782 1186.44834904264 0 0 2533.33341939767 4081.55711212187
28 0 0 0 0 1394.52708860879 1134.94430704989
76 1319.89760064724 2295.37135034727 0 638.908900335461 1552.55038722229 7102.38222429637
62 487.378920542327 2434.22631500562 0 930.404868557794 977.711661622346 5393.4802578732
15 267.263122031354 0 0 1129.69341794936 0 1067.03665287614
20 0 0 0 179.959408997796 367.665468306067 1333.94215179422
43 0 0 0 729.52756569101 228.345353296291 3987.81550998724
157 0 0 0 594.966884259021 2471.75580160722 20080.6185550647
17 421.850578440445 850.916009391107 0 319.914211983944 945.006176506412 986.46636078768
23 89.0758005374877 1541.86205558364 0 404.97163850603 363.248844675495 3003.62213369622
32 0 784.220143218306 0 166.813609591542 838.234303065203 1881.69881811421
31 960.178834073984 0 78.5067161571991 1053.51417344798 486.863372400934 3018.4887838475
7 0 368.535205035956 0 274.149607547703 916.364241999609 512.594151294352
27 543.046556648576 0 0 971.72371490414 183.965427024851 2323.05957228154
45 0 0 0 1715.97307762947 489.666038444946 5094.74682175758
184 0 0 0 342.623333286059 3033.7592636163 30505.1910437742
42 0 0 0 521.929762506604 768.689441591995 3532.43210621787
4 175.298044055696 455.06151245792 0 0 106.865795144806 396.449547379047
34 0 0 0 0 1734.90791681653 5997.82711477512
10 0 0 0 136.548195474904 342.283399085896 486.503581702973
121 842.335266395856 225.58415827639 0 4574.87632333584 119.286028536965 20693.3586410169
24 1442.77461161786 1898.14956288913 0 324.82335041595 188.250050434275 2675.965807963
38 0 0 0 244.106399236372 1105.54219137181 5160.93493436945
225 2372.98645661813 6056.39505215936 0 1491.12011874853 1823.80408250177 32302.617991602
43 94.1600509225032 64.7433336503363 0 694.316257736008 1050.1823958266 5800.66452695879
19 0 0 0 255.555470934253 378.501399886762 877.101129253114
29 0 0 0 626.910345728041 632.746451073579 3472.3788577252
115 2758.76406403299 3739.7360165052 0 335.259496993251 2231.95521676284 15128.9845610255
28 0 0 0 381.971919213057 690.969255117121 2674.05990899429
96 2349.79098045176 2101.27901145019 0 1671.14688850964 1331.05162512103 8878.4068987002
25 857.715388658486 920.272647734414 0 149.451831754497 881.719650062116 1533.47582416764
16 0 0 0 365.359415032917 523.018983185978 1349.81810127616
65 11.1559438082757 0 0 0 2202.5365460057 10339.2161451389
39 0 0 0 466.580419410761 653.407235976691 3794.17130736125
79 0 0 0 815.011010658694 946.602741588398 8805.73238536641
57 0 0 0 873.750171576336 1072.84880192477 6414.4709408842
105 0 0 0 746.564344550755 2323.47075240848 17234.4685638524
5 0 0 0 0 550.895338488128 202.477035866512
237 0 0 0 2324.74538700003 2739.18833223924 33084.3148997529
65 0 0 0 1003.13300319219 962.207054099273 10443.6266635463
16 553.667147012276 933.240755270775 0 270.557925039339 918.992717156922 1414.4913498637
57 196.562535932551 0 0 185.640066483587 1473.3793189983 5976.38708510993
90 0 0 0 1020.07910063373 855.247225977689 11508.0814806134
35 0 0 0 0 1313.15156975549 6331.10423097213
115 3195.11872552308 3066.75223745778 0 988.802468310262 1799.27619236071 17436.1616683536
6 0 0 0 97.3496166298565 188.036746614501 161.541610277695
29 0 0 0 392.738598845249 430.254002862622 2775.91657714856
38 715.234929312354 1052.24668461402 0 1006.97849454232 1211.30113135972 4097.23754320995
197 0 0 0 512.040791023107 2221.28047921982 18001.5054489402
101 0 0 0 1372.84293534136 2520.82861057927 7670.97749244154
58 0 0 0 0 1802.9371344981 11815.7103436643
46 0 0 0 0 2346.23956003341 3390.18316120391
35 0 0 0 453.527437780386 555.109372130699 2304.79612184104
75 0 0 0 628.84942547245 1672.51546403678 10892.6507533608
66 0 0 0 531.277244262251 1790.32632467315 8801.1266739398
24 0 0 0 347.576431522904 634.788449014156 2906.04018141281
59 2242.75908369849 2702.16863100041 0 232.918576739032 1685.72872112626 7907.17276908396
142 0 0 0 2154.96489401191 1891.95058794296 21809.1145920992
11 0 0 0 110.356864930649 357.425868059206 867.050961290415
19 125.657427527017 620.984437381609 0 0 974.482846460155 1722.12631559471
53 244.597169180402 557.233419183224 0 0 2217.77264782903 10364.9689252907
5 0 0 0 194.065089363404 215.864678321578 476.835453706862
69 0 0 0 882.10403924424 901.71913273411 6037.38369370519
201 4533.48503176691 3223.95946562183 0 4147.34144740172 1755.78720754606 27045.804499268
39 0 0 0 551.677565961766 1043.95030696963 4567.31860062525
63 184.687079882202 1121.69614568405 0 0 3059.19892357423 11277.5536258046
39 490.767059606708 527.320802869885 0 72.95022603473 1141.83059005778 3640.27679585036
22 0 0 0 444.408483501046 544.437639366824 1515.11931840173
8 0 0 0 0 622.113440945909 1286.50260667064
90 0 0 0 463.137689942747 2253.679826512 10752.8429878463
65 0 0 0 3292.03001193882 1050.15665526031 8374.48766437254
66 0 0 0 1795.43009333745 83.8068936852914 5940.21981464261
405 2697.99992814117 8969.99250767247 0 1257.5768331297 4046.49454196552 64964.0079453565
33 1709.12110109598 1921.07016524411 0 0 336.305932287696 5728.39844727168
66 682.593122928422 919.672580868584 0 172.615569796109 1131.61150556045 5338.16866863668
20 0 0 0 0 750.47910756026 1243.43074919192
49 0 0 0 319.180189570366 1875.07581531805 3028.28739592307
263 0 0 0 0 3784.74188719494 37555.9558357682
91 0 0 0 997.058757835972 1307.51380043261 9670.80849042785
154 0 0 0 1971.99030608579 2098.56050745575 23839.7343516111
180 0 0 0 0 3168.54737846514 29357.3619280445
136 1209.08353205466 2184.33343597616 0 479.948908019841 3032.39129732766 25444.61977552
27 0 0 0 363.243805969312 579.86785444078 2013.5427351752
40 941.647361265134 2118.72809840314 0 426.063034839031 940.08216765368 6715.79248593188
66 373.755777780505 237.132660235642 0 0 2131.70866202935 8019.84355730594
34 0 0 0 454.14607511627 1144.03662699838 2077.35164885349
175 59.3533298512886 542.240511048969 0 980.345646381762 2952.79806474581 18569.1005838298
65 0 0 0 0 1824.18817406434 6885.4478121484
42 383.742103693828 787.357740964266 0 0 2162.56962474056 7058.94623024951
97 0 0 0 403.936074296309 2700.44533769525 16854.158523717
4 0 0 0 0 304.071217883518 230.967816484842
151 0 0 0 2127.74065893478 3215.29501921092 16541.4633467839
87 0 0 0 0 2034.52247076434 9558.97468683491
10 153.712022634743 205.283284850117 0 327.550020650853 104.200049429769 592.321524417268
36 0 0 0 740.009338297568 1358.07586988874 2050.33913922855
51 231.011387452029 269.0965589565 0 549.912807867365 1748.99226210932 3422.24117545133
178 0 0 0 0 3348.4588154152 29315.2726633972
166 1862.85430004551 3909.14563767324 0 3943.98656423231 2278.26170642227 23686.486633445
36 0 0 0 0 1415.29847438999 3594.64933968672
10 639.045148017328 426.421530231679 0 0 820.138367178081 502.467932842428
140 0 0 0 0 2769.00604624251 21042.2693807237
103 1268.29118289333 1832.57301265095 0 1477.26806067229 2854.61950317394 10512.8274574995
24 0 0 0 567.307744355772 382.258512849468 1391.54501826464
350 0 0 0 3487.54550382594 2526.68124730761 49281.4087964851
3 0 0 0 159.665802585834 229.388664439703 172.101258110973
38 0 0 0 1347.23610926249 745.447465256879 3210.2243358448
11 0 0 0 0 709.302541185682 1308.66379209719
181 976.737288751575 4383.86514267363 0 84.7018236378541 6221.4528885547 25360.1009659157
92 0 0 0 293.308969578487 1725.73132555197 7517.60843764528
119 530.397305795029 1422.70605523803 0 1204.09244090728 1349.96635902594 18703.6583269062
49 241.033610684014 803.624553522337 0 230.574217481902 1075.15017184963 4208.47040111273
14 0 0 0 355.119068824503 466.38002644134 724.224901681603
33 211.743104373244 1598.93118140241 0 0 2221.72823463193 5878.43688082783
9 449.592814097222 2273.46638545742 0 485.456183878429 634.089911611407 623.09590063052
32 245.44776321841 558.239998454324 0 525.312934532663 1203.40140668972 2601.63653632602
20 0 0 0 0 1125.61254112908 2322.30882861992
61 0 0 0 1458.24566147489 1886.06404329919 4631.11209589992
8 0 402.464428976648 0 0 791.681556371803 1033.13942836617
23 0 0 0 0 838.986944913739 2190.20990740688
62 346.792309536851 9.7515176479854 0 1608.77352261636 1336.92740028775 4498.05563450076
287 0 0 0 1965.31683071934 2252.89455996769 24869.7321012043
99 586.471484165519 1101.62407886353 0 0 2603.64796897092 10482.034604378
55 281.992706225463 538.442108580879 0 0 1995.66416983459 6448.15591563345
215 351.447718922789 1369.8509715743 0 1802.2113644946 5480.53092448249 25754.9715530563
120 0 0 0 1391.2038075607 2397.21537982986 10214.9215881167
82 715.919677629624 650.954154939528 0 0 2113.57793730749 12971.409094658
37 407.750869045764 541.11350358369 0 269.527216080251 467.951559478815 3450.83742969177
32 59.3533298512886 439.389060988733 0 0 848.151466045384 3413.759676699
67 0 0 0 0 1669.4659726732 8645.53946880551
63 0 0 0 0 1408.12756916528 6316.04804360361
78 0 0 0 1909.28480275336 726.961141319558 6955.0152449651
29 156.213938085166 459.973548051659 0 0 1155.7493373817 2309.33817448529
72 0 358.347585350294 0 0 2414.6978077937 9362.2045719532
48 1166.9239608963 2760.64996824291 0 0 2257.23925887959 5836.28707432197
8 0 0 0 0 352.316208420881 323.516908547663
13 384.919777420241 462.628170979712 0 573.341556909951 112.082956813198 468.936204921669
25 16.4306155533663 363.213678848929 0 0 631.036811624821 2396.74196878764
102 0 0 0 0 2104.33737265239 11797.7889818055
186 104.992471468348 1326.44614796545 0 0 1623.36800251766 16592.8177507113
10 90.0876184308059 637.269157621063 0 0 399.911075673672 903.49866712476
83 0 0 0 0 1916.39286183378 10164.0151776077
11 0 0 0 349.934777813955 396.649807110748 639.292958733681
106 0 0 0 0 2953.94500479531 16925.9748133606
94 981.704537705127 1446.1814778015 0 884.725816466156 2828.27194834789 15512.0996113169
115 863.161969919761 1230.66022581035 0 0 2787.42606816146 17535.4146048128
221 0 0 0 0 3539.42095267135 34274.7233397958
81 1762.42480774704 4087.51808504623 0 134.829276212758 1172.08079860824 9953.82980617722
18 187.043739979758 771.541794793373 0 423.74225563229 456.043668476696 1610.15930258824
167 562.784472644608 692.96775185362 0 791.747018030603 2554.11062407034 29738.0754186603
123 0 0 0 2795.01725050611 1292.08607139251 14671.3899620407
27 1594.05732296876 1357.36677895618 0 0 2208.27840807967 2450.78074062438
123 41.1934774590519 722.70517164004 0 2731.47428034968 3210.37344000168 13575.5109433303
73 104.992471468348 932.611283540129 0 0 843.821016333797 5430.60567690771
81 374.853699480673 1114.66714119074 0 127.909882095152 1261.7035422937 8486.61726076429
23 715.470968248832 2245.29055850078 0 0 557.679959293674 3060.95652657274
7 0 0 0 392.653611234702 132.484352647251 482.477731399834
44 405.78415640382 634.876865392884 0 0 1195.11372379351 5650.35177019233
367 0 0 0 4292.64421739618 1404.88561222023 58173.6901393479
181 0 0 0 723.454995757971 2487.18251690939 24092.8087522098
41 0 0 0 1057.83015390575 1325.29274215023 3660.20732546649
72 0 0 0 0 1747.39423481763 8062.94346493483
32 618.430559815329 461.350162620287 0 597.792703472533 1092.97556162638 2301.00559666471
92 0 0 0 801.5878577366 2298.93052898348 9090.6782439067
119 3630.13936424224 2442.56945114686 0 1088.45779263892 2236.42548806608 12637.8462290248
120 1455.64630824629 1835.95972388184 0 686.19097736327 1735.87570210681 16594.7617694569
47 0 0 0 422.328121277245 1699.24256194876 3880.5422905048
171 864.61110952273 3371.57321529661 0 1148.30376244601 2656.254183144 14635.3228123691
86 0 0 0 699.13150071252 2008.61479089928 8247.32904275964
331 0 0 0 2063.38245087753 3086.32249965562 44563.270211409
51 425.950822890645 744.622721652899 0 0 1798.63181674552 4083.6129812753
251 0 0 0 2487.18484934216 2567.48719434174 22629.6923838924
139 0 0 0 0 2311.30736405508 18939.314579195
14 0 0 0 0 561.608772927841 793.764099168987
8 186.81466291303 323.322856369042 0 80.7442309464561 434.18228773453 530.456860513229
63 162.331566444305 422.600396986837 0 0 3723.60765769389 5364.77130422523
94 352.739181331493 2139.44106544145 0 72.5257714995422 1330.77211346986 15947.4682420683
15 1222.21244763504 4598.11688649319 0 482.304906772451 690.167914837783 2694.39427309321
20 167.193876278293 1077.40058426944 0 1588.13595744887 410.066106509648 1149.85208612179
66 0 0 0 1493.70785314181 1111.68468625342 5528.49177489917
74 0 0 0 573.137366703311 1705.3824908201 13244.7628787154
19 0 0 0 456.767058850755 399.44047210056 1385.62951863893
18 0 483.573218391257 0 0 635.809301450565 1516.92760998229
53 1670.65931454077 3165.15212871532 425.66294733055 2020.96674961633 839.487070783313 5871.59556642081
53 1417.61554755998 2238.37860847083 66.6475035287837 0 1478.26006946992 8968.83811337776
491 2590.33458049875 8187.6473025946 0 5034.13239789335 2259.8560911373 54193.3805595127
142 1234.48885318764 1962.70397027524 0 871.91157974218 2171.47650997595 14740.9981477632
97 215.714577149234 169.40970397267 0 1460.47977494151 1404.56062815767 14042.945524959
12 0 0 0 147.237763204709 602.269416759436 347.20173617578
115 1440.51639734794 1769.30140647475 0 1975.34594587587 1871.66512273503 13562.2020263292
20 555.511713312936 1362.71920602513 0 0 758.761930478627 1466.08832230864
11 0 0 0 0 771.539947480947 784.366011783188
3 343.860471546735 0 0 0 194.907709835129 79.8009438244182
151 303.452855330392 916.520638433887 0 797.546713150988 3250.42510439841 27814.0061961589
6 492.648811594931 552.928196695508 134.544397004689 0 0 350.429665154995
26 932.039117943575 1164.86214602668 0 198.164999291702 1233.6798551936 1889.78289314559
219 609.562326732655 2572.30707534925 0 2453.31105501102 1988.75158436583 25348.817580763
28 0 0 0 0 1290.9302822372 2260.67023280914
16 636.921765104654 972.915534161553 0 743.211233581582 511.447372569915 2713.97433886066
106 575.423129761842 248.721848062843 0 2219.38990306315 2219.21195442488 10971.0799163967
71 0 0 0 2053.78416691121 1069.49872452906 7198.6715501518
139 84.6224211399181 461.996603008453 0 1650.34183520742 2305.22293351837 16964.9442591151
31 0 0 0 0 1350.73559932124 3020.71108003089
12 290.15172974605 523.611842781021 265.528328848363 0 0 874.351559371808
195 0 0 0 4120.85695432735 1502.26743537147 22251.2765235554
61 415.920956963589 498.319298376709 0 0 1903.29653790593 9589.21493070381
29 784.546629175473 901.319601154439 0 0 2444.63668531538 1661.40470204909
109 1074.15436280278 1179.26643216607 0 0 4866.39034391043 12559.3295715137
66 0 0 0 844.257458196281 1414.2048250842 8807.61433162178
23 1353.75201722204 527.878911669333 0 0 1948.96381616747 2361.21000156691
326 0 0 0 7488.70730438897 771.75026117182 42880.4873454736
54 781.481102873912 1734.92860865472 281.141482942287 0 1414.91962399328 6479.10321397184
60 1085.56552527865 1720.68571962578 1066.70292521931 0 1966.21539774662 8328.53490627055
50 694.819202333753 1311.39837022797 425.352745448159 0 1087.7095220618 5469.22150937122
76 0 0 0 240.29740282947 1609.28752646368 12988.6494115203
75 574.690421781661 1490.4478036799 0 0 1875.46971000436 8267.13354399154
64 603.339993314596 1640.07385750099 0 127.156798465978 1372.74960772934 9687.33058089113
33 806.272238407695 781.012393992531 0 845.574427836859 381.598642828187 4809.17668286968
61 523.094595325912 1584.32626853674 51.481678863349 0 2814.96549755647 8775.9919078794
21 378.515212338853 0 0 503.852804439117 487.118606835968 763.49642511681
256 1161.31117380096 473.628998021645 0 4813.18953720925 2448.59658368681 26933.4178065106
18 0 0 0 0 666.296276868905 2643.13281232311
118 828.384663373933 2914.42398312812 0 0 3267.30910360352 16461.1261157325
173 0 0 0 3050.63262773426 7408.30749845363 35065.1813036289
219 982.021901383518 1402.54761571482 709.240523506581 587.786882014696 2388.62568513719 28767.0587779521
251 0 0 0 1732.83870930165 2775.01548027214 43671.8940326372
140 0 0 0 3257.20933670801 1001.02758540299 23702.8036033231
53 0 0 0 0 1625.09130206907 6936.1957896132
107 0 0 0 611.892326428678 1759.21204763541 15742.6689105078
5 0 0 0 207.121038605512 166.477128916704 739.929401478188
15 543.591219775841 474.607289277161 0 1044.19961364792 177.568736454496 326.426392223857
126 0 0 0 3059.95878374105 1331.09374142804 16317.1129198113
131 0 0 0 400.509938117504 2312.63155464436 20840.2074190115
105 111.332784905168 696.159089021802 0 0 2797.31919184594 11825.6093186752
203 281.785807400728 883.852784705577 0 2141.82497953238 4613.09541247219 19985.924417424
13 37.8399928529289 269.192085164866 0 0 764.028999535416 919.751146123148
58 812.983895764692 2153.91923147707 1011.6213961417 0 1700.33463471045 6683.35557144138
21 194.757144499102 658.686040329383 0 0 1041.19908426446 1979.22490191744
19 53.1118131610009 533.544068838576 0 573.487126655489 223.976053584778 1181.03721059731
71 0 0 0 0 2241.28314668769 12256.1829968786
111 0 0 0 520.516014019262 2180.94998818114 14995.9225143098
19 1011.23510594889 0 0 281.469779569138 866.628690305094 1065.99383526584
48 1706.22392513611 1490.3658678896 0 461.985003691259 1511.03897132162 4916.14146727
356 410.82782729032 923.765344215233 0 4347.16281031024 3641.12202869087 39083.6440164619
46 0 488.894230130284 0 679.87529314433 2106.65127141361 4212.70187763881
27 0 0 0 0 1198.10696898432 4337.75165649701
88 248.133122318948 308.79895218831 0 0 3348.15069743633 11788.4278355645
114 2451.80327375789 2231.81948257175 437.836326356556 0 1184.36741176652 14142.9338545866
71 0 0 0 1873.53049610484 837.809310841533 7969.5847364511
18 624.307250929625 809.282000599236 367.63036621941 0 493.090732540774 1387.58023952908
12 0 782.069492656572 0 291.752789671922 357.854922211306 1108.36391149656
84 0 0 0 0 2335.75259035415 12406.3372268627
102 479.362713788595 1641.07681119804 0 299.075112718125 2769.95878758674 17539.3213154324
19 0 0 0 0 819.753604839098 3029.973090842
106 0 0 0 1020.07710831187 1484.15572743731 14969.6673312676
25 0 0 0 0 1220.67305577513 2922.14059013008
46 0 0 0 364.085668777777 960.201011664818 5098.7285156023
97 0 0 0 0 1580.19393022149 9582.24912234567
183 6544.04456947056 1650.56216460824 0 2632.62706150098 1153.5684071353 16460.6598951228
141 0 0 0 4358.8955590288 1265.58081265818 17145.023170946
89 4036.58273146334 5212.5317690995 1654.94825897576 0 1696.17674143908 10846.6317425469
198 3148.93680469353 4701.44578216825 427.231716163638 0 762.155393084647 24616.4113782156
116 1278.57498107337 1197.49197352524 0 0 3481.14157362802 12739.3007589956
50 0 0 0 0 1326.057972689 8030.69079919845
10 768.356378108223 890.543247889494 263.970839944752 0 490.931832075077 406.135058073143
52 0 0 0 285.518996515273 1529.61732627706 7588.8527887281
178 0 0 0 2767.29618803222 1692.62211814838 28130.0113827382
12 0 0 0 167.106258260679 328.526958545438 898.367981154821
93 938.22754625414 2339.40171868692 0 469.999215589392 2293.79091152419 11423.870513918
94 1086.9956836815 2379.61712359384 0 1583.77149906349 3937.58519795445 13388.8391535418
113 1163.10631621093 1569.29956289527 0 176.207080567102 2271.04571165949 16191.5210800728
112 5874.16501392996 5529.66680689748 65.2759433034254 0 746.669867197235 13406.8223523117
140 225.489401473066 832.471294473804 0 0 3905.65125165839 17406.5691772198
121 1244.36943771242 1859.77729262123 0 3018.40250534023 2502.73041038128 8972.37956788104
56 0 0 0 0 1791.81682110831 12562.0210644419
187 2265.70946652618 3073.01611835451 0 3673.6485383734 2009.30181285483 26836.6815602192
20 0 0 0 0 845.073758291081 1486.43334850455
96 1682.03925881266 1193.42770264953 0 1164.9089744582 1203.6267516366 12812.6592699481
14 0 0 0 191.364849237892 565.423468987044 1275.09179522546
63 0 0 0 621.746583285794 1059.87092280222 7888.90270792517
84 0 0 0 0 2295.21446620249 14636.0065110405
216 1891.50876644245 2843.17827830642 0 2076.09365717337 2879.36408427104 22008.0650872117
8 1227.46747745695 787.363903280189 0 577.301356967872 0 206.681318719708
159 589.239545041684 5314.55551043938 0 0 4326.11002021581 20724.3633237457
17 479.032495487408 474.285246770587 0 421.630344951474 576.070254675914 408.046043476572
36 168.164398886713 1442.71779679838 0 435.590141224212 1746.0207149381 3709.22036601498
121 806.957448161318 1120.52397537771 0 2772.49727794762 1494.33167446515 14378.5417624891
28 249.331627699627 1226.42598822132 0 0 1184.52111690383 2913.33480111468
61 1738.12277579984 1773.23639325255 65.8008738579727 0 1865.15965659822 6757.6270144843
19 318.465247427354 695.862690670839 0 0 909.300533483738 1411.66043237807
109 2159.61057496476 2429.9522295022 498.35024442981 0 2993.72032689355 17230.0122944976
21 2810.58299642967 3823.33556315494 0 218.570636286051 641.704475569252 153.657174898275
148 1047.52427425609 1316.67640070072 1002.18774327796 0 3011.87534496159 15330.5645782827
99 1500.93351716834 1210.90339598929 0 914.667560411863 1662.45793724984 10537.5854819275
51 1242.0132131411 2746.40836684572 0 0 1694.79643118434 7079.12955695126
276 2332.2300672325 6335.81290609991 0 0 4113.95149078654 24215.3929518362
24 0 0 0 202.307676228857 605.214447206852 1606.1505796864
25 0 0 0 0 796.316502835004 2806.36601993403
28 87.2665359772441 140.243595920577 0 0 1521.83876288109 2799.95445926168
25 0 0 0 464.941685791847 895.502434809625 2684.04326803528
32 0 0 0 0 1328.63550377488 2235.76160024036
19 1363.57059115242 774.106679705416 0 365.30304929097 0 584.761156448448
72 170.8012732315 818.757514805056 0 1237.83345098647 1625.44478842024 8127.83251107609
373 384.362016698357 2030.22711529808 0 0 5215.20355751193 53077.6752190828
21 1555.4807423624 1310.4939461163 0 947.453818667575 90.690873967487 1042.90926147853
58 2380.33882015288 2027.0949171316 0 3491.34507487348 0 4662.93136487688
88 1522.18761816112 1349.95549720522 0 54.2491697210801 3537.8136115066 8179.82090824074
9 0 0 0 276.682628436969 497.883813546613 547.013753267083
6 0 0 0 113.094784924994 286.94003749575 212.693615067058
35 447.232880657447 1188.76120396978 0 466.899474180269 543.078221047167 4296.99785491046
44 471.010565297884 2654.26596441323 0 0 1032.07144034336 5686.81369078773
123 538.000813022586 892.414112002663 0 772.933148989589 1728.67994225138 16446.6446038393
43 180.300073174839 1014.88596903817 0 0 1946.63577168756 3984.94923307601
20 1250.35087907104 529.4289452713 0 423.939887454844 0 1488.96714949954
52 1825.78724569954 1681.04320398804 0 418.756712844095 1625.33658188069 4748.6384661738
51 0 0 0 0 1521.4846365473 6393.66664468061
164 384.362016698357 1712.37660304058 0 0 4351.83632383042 18009.3170053453
40 0 0 0 543.016788808131 919.204538089707 6075.48794876165
114 526.171777541006 961.594226901951 0 0 2957.33325069235 19586.0831710804
93 496.924415329992 665.36819138117 0 80.3784681833372 2040.04585432334 12653.2373210094
16 0 0 0 0 432.059169014942 1252.57793174283
13 303.768700790272 915.408910164108 0 0 844.20145466986 762.030301559844
16 1881.89889902977 1059.40019015976 0 0 420.676217943718 1584.38112369306
199 0 0 0 0 5451.79506005612 27751.4773624067
14 0 0 0 149.579976088578 533.629116468183 1539.70824096964
118 0 0 0 359.134101624036 2435.57846208428 20035.19897933
156 3256.05567217539 2779.07562992599 112.389900842204 1963.35387149324 1293.95315684923 24755.9454321305
18 0 2468.29390430042 0 0 975.598024317802 3182.2301755881
38 1888.47929101336 1307.86757109421 1526.16134894528 1368.5869572641 0 4116.1488832146
105 480.81152333168 911.611540758503 0 0 2607.37001164469 15180.0909097154
175 480.22479860967 747.960458018567 0 0 4314.17939392308 23235.5572827215
14 996.647532235437 2358.55585953466 0 248.613718248778 2368.98711939132 1759.49432952297
19 412.249253827139 0 0 1792.8204959374 0 2543.47487212599
60 115.020048708298 1570.60091427259 0 0 2956.60258871502 4486.09944606103
30 0 62.6566743687687 0 0 912.505547739034 2309.5063486164
47 170.8012732315 704.206020418587 0 238.144835455148 1514.69660340086 3797.87369406935
3 254.005828713008 1214.3774818345 0 0 0 325.347276846909
128 0 0 0 0 3136.69588739073 17970.6830461104
100 0 0 0 728.934746950591 1256.97783579858 14155.6568040409
94 201.715520121848 491.509094515553 0 741.806419390255 2031.99677834298 11432.6094206121
58 323.741958480012 627.749916055875 0 101.755709241785 1249.30160483426 5260.9785382039
157 428.596982445655 882.12596745099 0 0 2771.95403199967 19119.7935821344
86 0 0 0 0 2012.90506827366 9135.40670472919
63 0 0 0 0 2444.36732530201 7313.9414094982
123 8325.77719274755 5254.01957016 0 7008.02762829472 3744.91842041627 17803.8143575912
36 348.497963627985 1602.06756461202 0 573.320054721918 1254.33273425321 2968.03450624382
131 479.09577870488 1078.24627096656 0 0 2935.05978575728 20252.5700867227
81 74.4381119228203 396.243018871074 0 0 2788.10211393278 12434.7679232291
103 0 0 0 0 2882.06850005844 14229.6421869055
57 0 0 0 431.975574963207 1498.51088064086 8559.60588264124
173 226.971636773274 1560.82030792929 0 0 3099.77773371937 19914.0369431661
86 323.45524044138 1468.29757442364 0 0 3558.68770701441 8630.90081291159
231 0 0 0 0 4435.1190702723 31778.5333848112
82 0 0 0 0 2491.5032846241 14232.5124376351
42 0 0 0 558.755737742884 671.959869446752 5515.6899879987
72 118.4390227363 944.298192517979 0 0 1988.98632590652 8594.68772909183
6 1407.45638205587 1367.93887417944 160.487805485398 407.6990883213 0 0
101 0 0 0 122.280698529874 3433.83751300834 10034.295517711
99 4107.36477331651 2693.35045320881 0 2167.92044275256 1824.31013785319 11861.0318874351
18 0 0 0 1264.86434380657 372.522703649398 2932.39803207659
71 2151.97225094716 3278.85427887405 210.236951804188 457.075078696059 1818.11481491279 6169.5164132518
117 0 0 0 0 3176.47690784751 14118.2561819355
10 0 0 0 0 556.453441335892 509.273850561487
155 253.913172101129 1120.1730146222 0 0 3595.70922791676 22189.5049545414
284 0 0 0 0 3639.74917189139 36239.2698552146
67 0 0 0 669.17888717887 1536.2476434519 7239.55168312499
64 86.9824845638096 219.473389549241 0 0 2102.46402613769 6793.3462919477
100 0 0 0 0 4160.14310412822 13470.8277637965
123 0 0 0 0 3744.93511824177 12992.3680797484
87 296.567625264317 856.929082655336 0 0 2967.78956531032 10902.5006900984
24 0 0 0 0 1093.49982070402 1951.78344212277
73 0 0 0 143.087909869975 1811.30534081406 8338.99477684897
168 488.180601637225 1963.72918683738 0 0 3610.46324714255 20151.3786444317
64 86.9824845638096 547.532571845418 0 0 2118.70814892679 8303.01808437755
303 0 0 0 0 4590.51850341941 41175.2732566028
54 0 0 0 2048.58401447345 869.667080830913 11190.9116945814
82 909.860409963799 2530.51339368388 640.70320292768 0 1431.50699060084 10917.3372710898
37 814.934043644184 603.423673197541 0 3431.12140348462 1713.52479278545 3172.95293269694
37 122.934217097706 498.921224766536 0 752.137945488901 847.74922566858 1979.89489700191
25 2895.3942430808 0 0 442.769155477987 1129.99287212628 2470.91340259475
60 0 0 0 0 1759.57714176085 5243.8964677167
75 424.32182765356 906.934843170814 0 590.117670734483 2280.40151249505 8369.37123358072
17 1697.82824057199 0 0 1055.18739166236 178.478707423654 1597.71322562318
28 679.558579081852 393.623230389619 0 745.746271189599 563.780987471476 1891.53537022406
18 960.193505348607 0 0 516.172614868874 804.991051300896 2642.24349440085
225 826.490042546586 1330.78250063085 0 1560.6962298529 3004.41544801311 29442.1871621169
70 179.284566118064 578.039762795199 0 0 2297.02965157783 7248.19175172149
103 348.082049320729 973.570599408072 0 0 2056.94354662032 12699.8281312974
26 339.255140882432 1107.26949221943 0 0 933.643319311433 2661.13453876945
45 330.25399201299 896.473977267226 0 233.787472484856 1198.12085472924 3569.36862336122
84 424.32182765356 1113.30837576962 0 437.851427065346 1541.91439149303 11098.4586096376
84 1727.89728192039 1309.48960424704 0 0 1836.31722469288 7088.1437615722
218 908.123488548665 7249.68164828313 0 797.945860105881 1719.76769471084 37239.5263739102
55 1265.83682937345 1449.31659718908 0 0 3095.39268568427 5178.68400385804
119 324.527133902684 760.50214660744 0 2754.84299929356 2094.33877367452 11486.9015712262
148 0 0 0 0 3133.30198202913 17495.5815632493
160 1239.07485237041 2922.57363094922 0 499.138870083615 4061.5056028186 20326.9892219766
93 581.688575592638 373.061724651244 0 0 3092.84290672523 12015.753907631
8 54.1150060744829 470.897354423393 0 0 313.358734385736 551.029737891516
10 1127.27379857801 1088.91246633657 0 0 1250.31076266928 600.031192692031
83 0 0 0 0 2487.93537708288 12002.2532725894
14 478.249338137604 550.248254563349 0 0 1388.78452075189 1151.22862132132
46 878.859492219056 1037.5329093988 0 0 1567.59809831002 6377.83146329255
112 0 0 0 0 2010.7205173742 15765.3228064753
21 2192.0111533163 1623.99559868435 0 0 907.619499283462 0
200 1723.12727988663 4233.00128100584 0 287.105646791507 2782.31366829019 25690.8091201316
224 3448.85035441835 3160.78641101288 0 0 5320.64686088442 27144.943299542
338 690.322154909958 3085.63832384765 0 7418.18131321258 2282.12190202335 44404.2059169508
200 0 0 0 0 2899.32288899246 28562.2635640202
119 307.157054434246 871.049469212311 0 742.55085097464 2376.14938601864 13636.0482055149
281 210.059100211153 0 0 4993.3164593942 1987.75133277094 43650.6554127671
88 2345.34233988795 3374.38231860134 0 0 1804.95831213676 11716.1563304508
27 928.412057056793 818.718047741144 0 26.6978252816464 1185.94586467257 2421.68116874736
208 0 0 0 0 4527.38376747247 27363.7311280531
74 189.897828037063 731.041356150465 0 0 2039.7112890153 9834.63329867034
87 77.6561738788865 29.5621311176729 0 1139.28825262142 1149.33713532099 12163.7517550373
289 513.68300620515 3226.47824679841 0 1912.18856056971 3038.13603076913 38569.9673118503
166 2466.10217717996 3506.32483371378 0 1837.03718149015 3631.48247721951 23939.4541967362
48 332.096338160021 977.450422790746 0 287.66630773406 1070.23744203963 3165.93955787369
241 0 0 0 637.696483523504 3080.93031683362 32255.4290045449
237 506.598302623956 245.66294785762 0 2972.16108165539 2290.09564596442 35903.7135786245
203 0 0 0 0 4387.372298484 26967.6580699501
93 837.717409585302 1591.47062318321 0 0 4518.5922717267 9058.45782560773
206 0 0 0 445.487299466543 2699.5611257778 32383.4288172514
6 0 0 0 0 413.810302790083 441.703659892422
194 868.494599844661 3693.28502871029 0 0 4121.00139828458 29564.1207303183
134 3420.43078955182 5540.97836629879 0 0 1796.69753400427 20007.2101972668
227 1609.58986727548 4576.73048146549 0 594.805144869501 2389.64915000957 39117.4782528023
34 0 0 0 690.157960054976 246.210984343027 3231.38794938934
131 331.377257814944 855.53232605632 0 159.071001112636 3082.0525338121 13459.4414298919
9 0 0 0 408.444151255128 0 624.394193382849
24 1916.26750348061 1721.87842740966 0 0 1122.62540685984 1987.36345434171
5 0 0 0 239.809094199594 246.742651295819 352.566693757502
85 89.6352383793618 0 0 1121.38460561694 1705.98854448282 11351.2057451912
59 328.64753607805 1201.19187000015 0 681.730665695879 315.492350332936 6585.87642976727
16 0 0 0 237.375012918751 254.986866602989 2099.96182241653
49 0 0 0 320.992720632738 650.591710609766 6142.75854798794
45 100.366893174232 367.313180940385 0 0 1633.23092566676 5769.78820920913
64 1227.53114950298 1801.23519681883 0 0 2887.20939036376 6044.13676177725
72 324.481841803116 765.792894771948 0 0 2426.70200496448 9259.77794916547
131 347.227126077944 1063.9373743025 0 1633.71642487687 2287.52062806178 17599.3311916912
28 414.978686503857 1571.23367830706 0 0 1663.13331782168 4927.2071951895
123 203.44854876674 1258.45089744644 0 0 4192.24967152506 13662.233512722
166 0 0 0 0 3526.4322614969 26961.7921194644
67 0 0 0 289.702513511651 1479.33398320475 12480.9554613664
